anatomical_abnormality	part_of	reptile
clinical_drug	causes	congenital_abnormality
cell	location_of	genetic_function
enzyme	complicates	mental_or_behavioral_dysfunction
embryonic_structure	issue_in	occupation_or_discipline
mental_or_behavioral_dysfunction	associated_with	cell_or_molecular_dysfunction
chemical_viewed_functionally	interacts_with	vitamin
body_substance	consists_of	organophosphorus_compound
carbohydrate_sequence	isa	conceptual_entity
receptor	isa	entity
chemical_viewed_structurally	interacts_with	organic_chemical
anatomical_structure	part_of	organism
vitamin	interacts_with	indicator_reagent_or_diagnostic_aid
environmental_effect_of_humans	result_of	neoplastic_process
hormone	complicates	molecular_function
occupational_activity	isa	activity
cell_or_molecular_dysfunction	result_of	cell_function
chemical_viewed_structurally	interacts_with	enzyme
hormone	complicates	neoplastic_process
tissue	part_of	fungus
acquired_abnormality	part_of	reptile
fully_formed_anatomical_structure	part_of	bacterium
pathologic_function	manifestation_of	cell_or_molecular_dysfunction
diagnostic_procedure	measures	natural_phenomenon_or_process
sign_or_symptom	evaluation_of	organism_function
laboratory_procedure	assesses_effect_of	natural_phenomenon_or_process
cell_component	location_of	disease_or_syndrome
laboratory_or_test_result	result_of	laboratory_procedure
biologic_function	affects	molecular_function
pharmacologic_substance	causes	mental_or_behavioral_dysfunction
geographic_area	result_of	mental_process
biologic_function	produces	hormone
body_part_organ_or_organ_component	isa	anatomical_structure
genetic_function	result_of	neoplastic_process
mammal	isa	animal
health_care_activity	associated_with	acquired_abnormality
body_part_organ_or_organ_component	location_of	congenital_abnormality
neoplastic_process	result_of	congenital_abnormality
inorganic_chemical	causes	mental_or_behavioral_dysfunction
laboratory_procedure	issue_in	biomedical_occupation_or_discipline
neuroreactive_substance_or_biogenic_amine	disrupts	cell
sign_or_symptom	evaluation_of	cell_function
organophosphorus_compound	interacts_with	biomedical_or_dental_material
genetic_function	result_of	experimental_model_of_disease
amino_acid_peptide_or_protein	isa	chemical
hazardous_or_poisonous_substance	complicates	cell_function
chemical_viewed_structurally	causes	cell_or_molecular_dysfunction
anatomical_abnormality	affects	genetic_function
cell	location_of	disease_or_syndrome
gene_or_genome	part_of	bacterium
professional_or_occupational_group	produces	clinical_drug
experimental_model_of_disease	process_of	cell_or_molecular_dysfunction
cell	part_of	rickettsia_or_chlamydia
human	isa	organism
group	performs	daily_or_recreational_activity
organism_function	process_of	rickettsia_or_chlamydia
laboratory_or_test_result	manifestation_of	biologic_function
pathologic_function	process_of	organism
eicosanoid	causes	acquired_abnormality
lipid	interacts_with	immunologic_factor
organ_or_tissue_function	process_of	fungus
pharmacologic_substance	affects	mental_or_behavioral_dysfunction
fully_formed_anatomical_structure	location_of	biologic_function
amino_acid_peptide_or_protein	interacts_with	carbohydrate
molecular_biology_research_technique	measures	biologic_function
body_space_or_junction	contains	tissue
cell_or_molecular_dysfunction	manifestation_of	experimental_model_of_disease
environmental_effect_of_humans	result_of	anatomical_abnormality
family_group	isa	entity
biologic_function	result_of	organism_function
family_group	performs	molecular_biology_research_technique
cell_or_molecular_dysfunction	occurs_in	professional_or_occupational_group
natural_phenomenon_or_process	process_of	organ_or_tissue_function
acquired_abnormality	occurs_in	group
laboratory_or_test_result	manifestation_of	mental_process
molecular_function	result_of	anatomical_abnormality
body_part_organ_or_organ_component	location_of	acquired_abnormality
organic_chemical	causes	experimental_model_of_disease
neoplastic_process	result_of	injury_or_poisoning
organ_or_tissue_function	produces	neuroreactive_substance_or_biogenic_amine
hormone	interacts_with	chemical
neuroreactive_substance_or_biogenic_amine	isa	substance
population_group	produces	research_device
molecular_function	result_of	neoplastic_process
carbohydrate	affects	experimental_model_of_disease
family_group	interacts_with	age_group
mental_or_behavioral_dysfunction	process_of	neoplastic_process
hormone	disrupts	molecular_function
antibiotic	affects	disease_or_syndrome
cell_or_molecular_dysfunction	result_of	organ_or_tissue_function
steroid	isa	lipid
embryonic_structure	contains	body_substance
physiologic_function	affects	organism
organism_attribute	degree_of	clinical_attribute
clinical_attribute	property_of	bird
fully_formed_anatomical_structure	produces	hormone
organ_or_tissue_function	result_of	anatomical_abnormality
organ_or_tissue_function	process_of	alga
organ_or_tissue_function	precedes	mental_process
cell_function	result_of	biologic_function
diagnostic_procedure	uses	antibiotic
age_group	produces	classification
mental_process	result_of	natural_phenomenon_or_process
diagnostic_procedure	diagnoses	mental_or_behavioral_dysfunction
experimental_model_of_disease	process_of	reptile
chemical_viewed_structurally	interacts_with	inorganic_chemical
alga	interacts_with	invertebrate
health_care_activity	isa	event
mental_or_behavioral_dysfunction	result_of	social_behavior
therapeutic_or_preventive_procedure	uses	antibiotic
clinical_attribute	property_of	animal
disease_or_syndrome	complicates	neoplastic_process
organism_function	affects	genetic_function
disease_or_syndrome	affects	fungus
acquired_abnormality	result_of	disease_or_syndrome
lipid	interacts_with	chemical
body_part_organ_or_organ_component	produces	lipid
experimental_model_of_disease	result_of	phenomenon_or_process
organ_or_tissue_function	result_of	cell_function
nucleic_acid_nucleoside_or_nucleotide	affects	physiologic_function
self_help_or_relief_organization	location_of	therapeutic_or_preventive_procedure
cell_function	process_of	neoplastic_process
eicosanoid	interacts_with	chemical
professional_or_occupational_group	uses	medical_device
fully_formed_anatomical_structure	produces	amino_acid_peptide_or_protein
mental_or_behavioral_dysfunction	manifestation_of	neoplastic_process
molecular_function	process_of	biologic_function
chemical_viewed_structurally	interacts_with	indicator_reagent_or_diagnostic_aid
neuroreactive_substance_or_biogenic_amine	affects	physiologic_function
finding	manifestation_of	anatomical_abnormality
mental_or_behavioral_dysfunction	process_of	genetic_function
clinical_attribute	result_of	mental_or_behavioral_dysfunction
cell_component	location_of	bacterium
population_group	performs	activity
genetic_function	produces	biologically_active_substance
sign_or_symptom	manifestation_of	disease_or_syndrome
genetic_function	affects	cell_function
organ_or_tissue_function	isa	biologic_function
hormone	interacts_with	indicator_reagent_or_diagnostic_aid
clinical_attribute	isa	entity
body_part_organ_or_organ_component	interconnects	body_space_or_junction
biologic_function	process_of	pathologic_function
physiologic_function	isa	phenomenon_or_process
amphibian	interacts_with	organism
disease_or_syndrome	manifestation_of	experimental_model_of_disease
finding	evaluation_of	experimental_model_of_disease
receptor	isa	physical_object
organ_or_tissue_function	result_of	neoplastic_process
cell_component	affects	organism_function
rickettsia_or_chlamydia	interacts_with	archaeon
antibiotic	affects	mental_or_behavioral_dysfunction
neoplastic_process	occurs_in	family_group
educational_activity	associated_with	neoplastic_process
organization	location_of	health_care_activity
vitamin	complicates	organism_function
pathologic_function	process_of	amphibian
animal	isa	organism
disease_or_syndrome	process_of	neoplastic_process
anatomical_structure	issue_in	occupation_or_discipline
body_space_or_junction	isa	entity
genetic_function	process_of	natural_phenomenon_or_process
laboratory_procedure	method_of	biomedical_occupation_or_discipline
experimental_model_of_disease	process_of	organism
nucleic_acid_nucleoside_or_nucleotide	interacts_with	eicosanoid
pathologic_function	process_of	organ_or_tissue_function
governmental_or_regulatory_activity	isa	activity
biologic_function	process_of	fungus
vitamin	affects	molecular_function
element_ion_or_isotope	affects	biologic_function
research_activity	associated_with	disease_or_syndrome
body_part_organ_or_organ_component	location_of	body_location_or_region
rickettsia_or_chlamydia	causes	pathologic_function
social_behavior	associated_with	population_group
carbohydrate	issue_in	occupation_or_discipline
molecular_biology_research_technique	measures	mental_or_behavioral_dysfunction
health_care_related_organization	location_of	diagnostic_procedure
neoplastic_process	associated_with	clinical_attribute
hormone	isa	physical_object
biologic_function	affects	bird
pathologic_function	process_of	neoplastic_process
individual_behavior	manifestation_of	mental_process
nucleic_acid_nucleoside_or_nucleotide	interacts_with	chemical
diagnostic_procedure	measures	neoplastic_process
chemical	causes	mental_or_behavioral_dysfunction
pharmacologic_substance	interacts_with	chemical
animal	exhibits	individual_behavior
temporal_concept	isa	idea_or_concept
carbohydrate	isa	physical_object
phenomenon_or_process	result_of	cell_or_molecular_dysfunction
laboratory_procedure	analyzes	enzyme
hazardous_or_poisonous_substance	affects	organism_function
tissue	location_of	molecular_function
conceptual_entity	isa	entity
finding	manifestation_of	molecular_function
cell_or_molecular_dysfunction	co-occurs_with	anatomical_abnormality
acquired_abnormality	result_of	cell_or_molecular_dysfunction
laboratory_or_test_result	measurement_of	inorganic_chemical
virus	causes	cell_or_molecular_dysfunction
immunologic_factor	affects	molecular_function
fish	isa	vertebrate
invertebrate	exhibits	social_behavior
body_substance	causes	neoplastic_process
cell_function	precedes	genetic_function
neoplastic_process	isa	phenomenon_or_process
vitamin	complicates	cell_function
chemical_viewed_structurally	interacts_with	hormone
indicator_reagent_or_diagnostic_aid	affects	pathologic_function
cell_function	result_of	mental_or_behavioral_dysfunction
cell_function	affects	fish
cell_function	precedes	physiologic_function
laboratory_procedure	assesses_effect_of	hormone
fungus	location_of	receptor
body_substance	consists_of	carbohydrate
indicator_reagent_or_diagnostic_aid	affects	disease_or_syndrome
professional_or_occupational_group	performs	molecular_biology_research_technique
clinical_drug	causes	disease_or_syndrome
pharmacologic_substance	diagnoses	cell_or_molecular_dysfunction
mental_process	produces	immunologic_factor
pathologic_function	affects	neoplastic_process
receptor	complicates	congenital_abnormality
chemical_viewed_functionally	affects	organism_function
diagnostic_procedure	uses	manufactured_object
body_part_organ_or_organ_component	location_of	mental_or_behavioral_dysfunction
chemical_viewed_functionally	interacts_with	biologically_active_substance
genetic_function	affects	mammal
self_help_or_relief_organization	isa	conceptual_entity
antibiotic	causes	disease_or_syndrome
congenital_abnormality	affects	bird
anatomical_abnormality	affects	rickettsia_or_chlamydia
cell_function	process_of	bacterium
clinical_attribute	property_of	archaeon
hormone	complicates	anatomical_abnormality
immunologic_factor	affects	neoplastic_process
diagnostic_procedure	affects	molecular_function
carbohydrate	isa	substance
fully_formed_anatomical_structure	location_of	organ_or_tissue_function
experimental_model_of_disease	degree_of	pathologic_function
mental_or_behavioral_dysfunction	affects	human
anatomical_structure	part_of	rickettsia_or_chlamydia
organophosphorus_compound	affects	mental_or_behavioral_dysfunction
sign_or_symptom	diagnoses	cell_or_molecular_dysfunction
carbohydrate_sequence	isa	entity
gene_or_genome	location_of	bacterium
steroid	affects	natural_phenomenon_or_process
cell_or_molecular_dysfunction	process_of	fish
vitamin	complicates	acquired_abnormality
biologically_active_substance	complicates	mental_or_behavioral_dysfunction
experimental_model_of_disease	process_of	pathologic_function
disease_or_syndrome	manifestation_of	organism_function
laboratory_procedure	diagnoses	injury_or_poisoning
food	issue_in	biomedical_occupation_or_discipline
cell_function	affects	experimental_model_of_disease
neuroreactive_substance_or_biogenic_amine	complicates	experimental_model_of_disease
disease_or_syndrome	associated_with	mental_or_behavioral_dysfunction
mental_process	affects	mental_or_behavioral_dysfunction
biologic_function	result_of	mental_process
element_ion_or_isotope	issue_in	occupation_or_discipline
experimental_model_of_disease	process_of	mental_or_behavioral_dysfunction
organism_function	co-occurs_with	genetic_function
steroid	affects	mental_process
neuroreactive_substance_or_biogenic_amine	isa	entity
mental_or_behavioral_dysfunction	issue_in	occupation_or_discipline
element_ion_or_isotope	affects	cell_function
disease_or_syndrome	affects	cell_function
cell_or_molecular_dysfunction	associated_with	experimental_model_of_disease
individual_behavior	associated_with	patient_or_disabled_group
health_care_activity	associated_with	anatomical_abnormality
neoplastic_process	occurs_in	mental_or_behavioral_dysfunction
eicosanoid	affects	natural_phenomenon_or_process
professional_society	isa	conceptual_entity
cell_or_molecular_dysfunction	occurs_in	family_group
natural_phenomenon_or_process	process_of	neoplastic_process
sign_or_symptom	diagnoses	injury_or_poisoning
cell_function	affects	animal
chemical_viewed_structurally	interacts_with	steroid
temporal_concept	conceptual_part_of	organism_function
mental_process	process_of	archaeon
fully_formed_anatomical_structure	produces	vitamin
sign_or_symptom	manifestation_of	mental_or_behavioral_dysfunction
disease_or_syndrome	associated_with	pathologic_function
clinical_attribute	property_of	fungus
immunologic_factor	complicates	acquired_abnormality
cell	isa	entity
organic_chemical	isa	entity
finding	manifestation_of	cell_function
organic_chemical	isa	chemical
health_care_related_organization	carries_out	laboratory_procedure
laboratory_procedure	measures	chemical_viewed_functionally
organism_function	produces	age_group
experimental_model_of_disease	produces	immunologic_factor
cell_function	process_of	archaeon
biologically_active_substance	interacts_with	chemical
carbohydrate	causes	neoplastic_process
inorganic_chemical	affects	biologic_function
diagnostic_procedure	diagnoses	experimental_model_of_disease
neoplastic_process	manifestation_of	disease_or_syndrome
acquired_abnormality	affects	animal
biologically_active_substance	affects	disease_or_syndrome
biologic_function	process_of	reptile
disease_or_syndrome	produces	neuroreactive_substance_or_biogenic_amine
immunologic_factor	affects	natural_phenomenon_or_process
gene_or_genome	part_of	rickettsia_or_chlamydia
biologic_function	process_of	bacterium
organic_chemical	interacts_with	neuroreactive_substance_or_biogenic_amine
element_ion_or_isotope	causes	acquired_abnormality
qualitative_concept	evaluation_of	diagnostic_procedure
experimental_model_of_disease	manifestation_of	mental_or_behavioral_dysfunction
disease_or_syndrome	produces	receptor
age_group	performs	diagnostic_procedure
sign_or_symptom	evaluation_of	clinical_attribute
anatomical_abnormality	result_of	experimental_model_of_disease
anatomical_structure	part_of	bird
research_activity	measures	lipid
organ_or_tissue_function	affects	cell_or_molecular_dysfunction
family_group	produces	clinical_drug
population_group	associated_with	congenital_abnormality
cell	location_of	mental_or_behavioral_dysfunction
pathologic_function	affects	natural_phenomenon_or_process
physiologic_function	process_of	disease_or_syndrome
substance	issue_in	biomedical_occupation_or_discipline
population_group	associated_with	mental_or_behavioral_dysfunction
neoplastic_process	degree_of	pathologic_function
injury_or_poisoning	result_of	anatomical_abnormality
organism_function	process_of	pathologic_function
eicosanoid	isa	chemical
social_behavior	manifestation_of	mental_or_behavioral_dysfunction
genetic_function	affects	clinical_attribute
experimental_model_of_disease	result_of	cell_or_molecular_dysfunction
amphibian	isa	physical_object
experimental_model_of_disease	issue_in	occupation_or_discipline
congenital_abnormality	occurs_in	professional_or_occupational_group
cell_or_molecular_dysfunction	result_of	molecular_function
biologic_function	process_of	mental_process
finding	manifestation_of	acquired_abnormality
natural_phenomenon_or_process	process_of	biologic_function
family_group	issue_in	occupation_or_discipline
cell	produces	amino_acid_peptide_or_protein
bird	interacts_with	reptile
qualitative_concept	evaluation_of	daily_or_recreational_activity
plant	interacts_with	vertebrate
laboratory_procedure	affects	biologic_function
clinical_attribute	measurement_of	mental_process
pathologic_function	process_of	human
laboratory_or_test_result	measurement_of	immunologic_factor
body_substance	causes	congenital_abnormality
organ_or_tissue_function	affects	biologic_function
age_group	performs	occupational_activity
patient_or_disabled_group	exhibits	individual_behavior
cell_or_molecular_dysfunction	manifestation_of	organ_or_tissue_function
genetic_function	precedes	organ_or_tissue_function
body_location_or_region	isa	entity
enzyme	complicates	mental_process
amino_acid_peptide_or_protein	affects	cell_or_molecular_dysfunction
body_location_or_region	conceptual_part_of	fully_formed_anatomical_structure
body_part_organ_or_organ_component	location_of	virus
individual_behavior	associated_with	family_group
hazardous_or_poisonous_substance	affects	biologic_function
organ_or_tissue_function	precedes	genetic_function
amino_acid_peptide_or_protein	interacts_with	hazardous_or_poisonous_substance
mammal	interacts_with	human
laboratory_or_test_result	evaluation_of	experimental_model_of_disease
mental_process	affects	organism_function
tissue	produces	lipid
therapeutic_or_preventive_procedure	affects	experimental_model_of_disease
laboratory_procedure	assesses_effect_of	organic_chemical
mental_process	co-occurs_with	cell_function
physiologic_function	process_of	cell_function
hormone	disrupts	organ_or_tissue_function
element_ion_or_isotope	affects	cell_or_molecular_dysfunction
health_care_related_organization	carries_out	educational_activity
eicosanoid	interacts_with	biologically_active_substance
antibiotic	treats	cell_or_molecular_dysfunction
organism_function	affects	molecular_function
body_space_or_junction	isa	idea_or_concept
group	performs	molecular_biology_research_technique
organophosphorus_compound	interacts_with	enzyme
mental_or_behavioral_dysfunction	degree_of	experimental_model_of_disease
vitamin	complicates	molecular_function
embryonic_structure	location_of	cell_function
governmental_or_regulatory_activity	associated_with	neoplastic_process
nucleotide_sequence	isa	conceptual_entity
group	uses	medical_device
biologic_function	process_of	organ_or_tissue_function
clinical_attribute	result_of	phenomenon_or_process
health_care_activity	affects	genetic_function
medical_device	causes	anatomical_abnormality
diagnostic_procedure	measures	organism_function
nucleic_acid_nucleoside_or_nucleotide	affects	disease_or_syndrome
enzyme	interacts_with	hazardous_or_poisonous_substance
organ_or_tissue_function	process_of	plant
lipid	interacts_with	biologically_active_substance
substance	causes	acquired_abnormality
health_care_activity	isa	activity
human_caused_phenomenon_or_process	result_of	congenital_abnormality
neoplastic_process	result_of	organism_function
eicosanoid	causes	mental_or_behavioral_dysfunction
therapeutic_or_preventive_procedure	associated_with	neoplastic_process
biologic_function	affects	pathologic_function
experimental_model_of_disease	affects	cell_or_molecular_dysfunction
group	performs	activity
organization	produces	regulation_or_law
diagnostic_procedure	measures	eicosanoid
behavior	associated_with	group_attribute
indicator_reagent_or_diagnostic_aid	causes	acquired_abnormality
hormone	affects	cell_function
mental_or_behavioral_dysfunction	occurs_in	injury_or_poisoning
amino_acid_peptide_or_protein	affects	neoplastic_process
physiologic_function	process_of	molecular_function
congenital_abnormality	result_of	pathologic_function
organophosphorus_compound	interacts_with	antibiotic
body_part_organ_or_organ_component	issue_in	biomedical_occupation_or_discipline
laboratory_procedure	assesses_effect_of	enzyme
organism_function	result_of	mental_or_behavioral_dysfunction
mental_or_behavioral_dysfunction	precedes	pathologic_function
laboratory_procedure	measures	organ_or_tissue_function
molecular_function	produces	biologically_active_substance
cell_component	location_of	cell_function
professional_or_occupational_group	produces	manufactured_object
organic_chemical	interacts_with	element_ion_or_isotope
congenital_abnormality	part_of	rickettsia_or_chlamydia
rickettsia_or_chlamydia	location_of	biologically_active_substance
nucleic_acid_nucleoside_or_nucleotide	interacts_with	steroid
clinical_attribute	property_of	mammal
carbohydrate_sequence	isa	spatial_concept
disease_or_syndrome	affects	vertebrate
fish	issue_in	occupation_or_discipline
pharmacologic_substance	complicates	neoplastic_process
anatomical_structure	location_of	rickettsia_or_chlamydia
experimental_model_of_disease	associated_with	organism_attribute
body_space_or_junction	location_of	organ_or_tissue_function
patient_or_disabled_group	isa	group
inorganic_chemical	isa	physical_object
gene_or_genome	affects	physiologic_function
biomedical_or_dental_material	causes	pathologic_function
biologic_function	result_of	cell_or_molecular_dysfunction
mental_or_behavioral_dysfunction	affects	organism
enzyme	disrupts	physiologic_function
mental_or_behavioral_dysfunction	affects	physiologic_function
gene_or_genome	produces	carbohydrate
clinical_attribute	result_of	cell_or_molecular_dysfunction
organism_function	process_of	experimental_model_of_disease
acquired_abnormality	occurs_in	family_group
chemical_viewed_functionally	interacts_with	antibiotic
neoplastic_process	affects	bacterium
family_group	performs	daily_or_recreational_activity
congenital_abnormality	result_of	genetic_function
organ_or_tissue_function	produces	vitamin
professional_or_occupational_group	exhibits	social_behavior
nucleic_acid_nucleoside_or_nucleotide	isa	physical_object
natural_phenomenon_or_process	process_of	disease_or_syndrome
virus	issue_in	biomedical_occupation_or_discipline
sign_or_symptom	manifestation_of	acquired_abnormality
physiologic_function	process_of	plant
food	affects	organ_or_tissue_function
amino_acid_peptide_or_protein	affects	cell_function
sign_or_symptom	manifestation_of	biologic_function
diagnostic_procedure	analyzes	organophosphorus_compound
mammal	exhibits	social_behavior
diagnostic_procedure	affects	mental_or_behavioral_dysfunction
pathologic_function	result_of	mental_or_behavioral_dysfunction
genetic_function	affects	human
population_group	uses	drug_delivery_device
genetic_function	precedes	molecular_function
hormone	causes	cell_or_molecular_dysfunction
amino_acid_peptide_or_protein	interacts_with	chemical
chemical_viewed_structurally	interacts_with	eicosanoid
antibiotic	interacts_with	enzyme
body_part_organ_or_organ_component	produces	biologically_active_substance
mental_process	result_of	mental_or_behavioral_dysfunction
chemical_viewed_structurally	affects	disease_or_syndrome
steroid	interacts_with	enzyme
group	performs	diagnostic_procedure
hazardous_or_poisonous_substance	causes	anatomical_abnormality
body_substance	part_of	body_part_organ_or_organ_component
body_location_or_region	location_of	diagnostic_procedure
nucleic_acid_nucleoside_or_nucleotide	ingredient_of	clinical_drug
bacterium	causes	pathologic_function
amino_acid_peptide_or_protein	causes	disease_or_syndrome
biomedical_or_dental_material	causes	injury_or_poisoning
acquired_abnormality	result_of	organism_function
anatomical_abnormality	affects	physiologic_function
eicosanoid	isa	substance
cell_function	affects	mental_process
eicosanoid	affects	experimental_model_of_disease
self_help_or_relief_organization	location_of	health_care_activity
research_activity	measures	organophosphorus_compound
nucleotide_sequence	property_of	gene_or_genome
organization	carries_out	laboratory_procedure
organism_function	process_of	bacterium
rickettsia_or_chlamydia	interacts_with	animal
diagnostic_procedure	analyzes	vitamin
qualitative_concept	evaluation_of	molecular_biology_research_technique
geographic_area	associated_with	experimental_model_of_disease
diagnostic_procedure	measures	lipid
cell_or_molecular_dysfunction	complicates	acquired_abnormality
anatomical_structure	part_of	reptile
self_help_or_relief_organization	carries_out	diagnostic_procedure
body_part_organ_or_organ_component	part_of	organism
diagnostic_procedure	measures	pathologic_function
steroid	affects	experimental_model_of_disease
body_part_organ_or_organ_component	part_of	mammal
family_group	performs	machine_activity
disease_or_syndrome	process_of	experimental_model_of_disease
entity	issue_in	occupation_or_discipline
mental_or_behavioral_dysfunction	affects	biologic_function
molecular_function	process_of	vertebrate
cell_function	process_of	human
laboratory_procedure	measures	organophosphorus_compound
acquired_abnormality	result_of	mental_process
biologically_active_substance	affects	organ_or_tissue_function
sign_or_symptom	manifestation_of	pathologic_function
professional_or_occupational_group	uses	research_device
disease_or_syndrome	precedes	pathologic_function
laboratory_or_test_result	measurement_of	cell_function
laboratory_or_test_result	measurement_of	eicosanoid
professional_society	carries_out	health_care_activity
congenital_abnormality	part_of	human
laboratory_or_test_result	associated_with	cell_or_molecular_dysfunction
eicosanoid	affects	molecular_function
organophosphorus_compound	interacts_with	pharmacologic_substance
body_part_organ_or_organ_component	part_of	bacterium
disease_or_syndrome	result_of	individual_behavior
hormone	disrupts	genetic_function
mental_process	affects	cell_function
patient_or_disabled_group	uses	clinical_drug
professional_or_occupational_group	isa	conceptual_entity
body_part_organ_or_organ_component	location_of	physiologic_function
finding	manifestation_of	mental_process
immunologic_factor	disrupts	molecular_function
laboratory_or_test_result	measurement_of	organ_or_tissue_function
age_group	isa	conceptual_entity
vertebrate	isa	organism
cell_function	co-occurs_with	molecular_function
carbohydrate	isa	organic_chemical
body_part_organ_or_organ_component	isa	physical_object
patient_or_disabled_group	isa	conceptual_entity
mental_or_behavioral_dysfunction	associated_with	neoplastic_process
pharmacologic_substance	prevents	neoplastic_process
laboratory_or_test_result	manifestation_of	neoplastic_process
chemical	causes	congenital_abnormality
laboratory_or_test_result	measurement_of	antibiotic
diagnostic_procedure	assesses_effect_of	eicosanoid
hormone	disrupts	physiologic_function
anatomical_abnormality	result_of	neoplastic_process
molecular_biology_research_technique	measures	temporal_concept
eicosanoid	affects	biologic_function
congenital_abnormality	manifestation_of	genetic_function
diagnostic_procedure	analyzes	nucleic_acid_nucleoside_or_nucleotide
mental_process	co-occurs_with	organ_or_tissue_function
chemical	issue_in	occupation_or_discipline
virus	isa	entity
medical_device	prevents	mental_or_behavioral_dysfunction
tissue	location_of	disease_or_syndrome
genetic_function	process_of	pathologic_function
clinical_drug	isa	manufactured_object
steroid	interacts_with	antibiotic
gene_or_genome	part_of	bird
pathologic_function	process_of	molecular_function
drug_delivery_device	treats	cell_or_molecular_dysfunction
pathologic_function	affects	vertebrate
occupational_activity	associated_with	anatomical_abnormality
plant	interacts_with	human
hormone	disrupts	gene_or_genome
enzyme	complicates	pathologic_function
biologic_function	affects	mental_or_behavioral_dysfunction
pathologic_function	affects	reptile
mental_process	affects	mammal
population_group	associated_with	pathologic_function
research_activity	associated_with	congenital_abnormality
injury_or_poisoning	disrupts	gene_or_genome
research_activity	measures	immunologic_factor
disease_or_syndrome	result_of	organ_or_tissue_function
fungus	causes	experimental_model_of_disease
cell_function	affects	fungus
antibiotic	interacts_with	biomedical_or_dental_material
chemical_viewed_functionally	isa	substance
natural_phenomenon_or_process	affects	organism_function
mental_or_behavioral_dysfunction	associated_with	experimental_model_of_disease
cell_or_molecular_dysfunction	process_of	vertebrate
neuroreactive_substance_or_biogenic_amine	affects	pathologic_function
chemical_viewed_structurally	interacts_with	antibiotic
biologic_function	affects	disease_or_syndrome
pharmacologic_substance	diagnoses	disease_or_syndrome
congenital_abnormality	part_of	fish
chemical_viewed_functionally	affects	biologic_function
tissue	isa	anatomical_structure
family_group	isa	conceptual_entity
fungus	interacts_with	reptile
immunologic_factor	complicates	molecular_function
alga	location_of	receptor
lipid	causes	anatomical_abnormality
cell_function	isa	event
anatomical_abnormality	result_of	molecular_function
cell_or_molecular_dysfunction	occurs_in	neoplastic_process
sign_or_symptom	issue_in	biomedical_occupation_or_discipline
tissue	part_of	rickettsia_or_chlamydia
mental_process	process_of	reptile
professional_or_occupational_group	interacts_with	patient_or_disabled_group
pharmacologic_substance	affects	genetic_function
laboratory_or_test_result	measurement_of	steroid
disease_or_syndrome	affects	organism_function
cell_component	location_of	anatomical_abnormality
chemical	affects	molecular_function
disease_or_syndrome	occurs_in	group
health_care_related_organization	location_of	governmental_or_regulatory_activity
molecular_function	process_of	plant
steroid	causes	acquired_abnormality
laboratory_procedure	measures	biologic_function
acquired_abnormality	associated_with	clinical_attribute
disease_or_syndrome	produces	immunologic_factor
cell	produces	immunologic_factor
chemical	causes	acquired_abnormality
acquired_abnormality	part_of	vertebrate
disease_or_syndrome	occurs_in	family_group
cell_function	result_of	acquired_abnormality
cell_component	contains	body_substance
genetic_function	produces	immunologic_factor
antibiotic	complicates	organ_or_tissue_function
mental_process	affects	cell_or_molecular_dysfunction
human_caused_phenomenon_or_process	result_of	mental_process
genetic_function	isa	biologic_function
body_part_organ_or_organ_component	adjacent_to	cell
food	affects	physiologic_function
occupational_activity	associated_with	experimental_model_of_disease
cell_component	produces	immunologic_factor
inorganic_chemical	interacts_with	receptor
organic_chemical	affects	physiologic_function
anatomical_abnormality	result_of	mental_process
invertebrate	interacts_with	human
regulation_or_law	affects	age_group
receptor	disrupts	genetic_function
inorganic_chemical	interacts_with	chemical_viewed_functionally
pharmacologic_substance	complicates	experimental_model_of_disease
enzyme	issue_in	biomedical_occupation_or_discipline
laboratory_or_test_result	evaluation_of	cell_function
neuroreactive_substance_or_biogenic_amine	interacts_with	enzyme
chemical_viewed_functionally	affects	disease_or_syndrome
enzyme	isa	substance
neoplastic_process	process_of	archaeon
organism_attribute	property_of	rickettsia_or_chlamydia
substance	causes	congenital_abnormality
cell_component	location_of	diagnostic_procedure
injury_or_poisoning	occurs_in	age_group
vitamin	complicates	mental_process
body_part_organ_or_organ_component	part_of	animal
molecular_function	result_of	cell_function
physiologic_function	result_of	phenomenon_or_process
cell	part_of	amphibian
research_activity	measures	vitamin
organophosphorus_compound	interacts_with	vitamin
chemical_viewed_functionally	causes	cell_or_molecular_dysfunction
hazardous_or_poisonous_substance	disrupts	cell_function
tissue	part_of	plant
alga	location_of	vitamin
laboratory_procedure	measures	element_ion_or_isotope
quantitative_concept	measurement_of	carbohydrate_sequence
body_part_organ_or_organ_component	consists_of	body_substance
acquired_abnormality	result_of	health_care_activity
cell_function	process_of	fish
anatomical_structure	location_of	bacterium
research_device	causes	mental_or_behavioral_dysfunction
body_part_organ_or_organ_component	location_of	experimental_model_of_disease
fully_formed_anatomical_structure	produces	organic_chemical
mental_process	affects	amphibian
hazardous_or_poisonous_substance	disrupts	physiologic_function
population_group	performs	research_activity
body_location_or_region	location_of	organ_or_tissue_function
disease_or_syndrome	produces	vitamin
therapeutic_or_preventive_procedure	complicates	molecular_function
research_activity	measures	body_substance
organ_or_tissue_function	precedes	cell_function
organ_or_tissue_function	conceptual_part_of	temporal_concept
nucleic_acid_nucleoside_or_nucleotide	isa	substance
immunologic_factor	affects	physiologic_function
laboratory_or_test_result	result_of	diagnostic_procedure
cell_or_molecular_dysfunction	affects	neoplastic_process
embryonic_structure	isa	anatomical_structure
indicator_reagent_or_diagnostic_aid	issue_in	biomedical_occupation_or_discipline
injury_or_poisoning	result_of	laboratory_procedure
neoplastic_process	result_of	cell_or_molecular_dysfunction
finding	associated_with	disease_or_syndrome
cell	location_of	anatomical_abnormality
gene_or_genome	affects	molecular_function
mental_process	result_of	social_behavior
injury_or_poisoning	disrupts	mental_process
diagnostic_procedure	measures	hormone
disease_or_syndrome	result_of	congenital_abnormality
biologic_function	process_of	organism
experimental_model_of_disease	result_of	pathologic_function
pathologic_function	degree_of	experimental_model_of_disease
nucleotide_sequence	result_of	mental_process
indicator_reagent_or_diagnostic_aid	affects	molecular_function
experimental_model_of_disease	process_of	fungus
vitamin	causes	neoplastic_process
natural_phenomenon_or_process	result_of	biologic_function
nucleic_acid_nucleoside_or_nucleotide	causes	pathologic_function
finding	manifestation_of	biologic_function
cell_function	affects	virus
quantitative_concept	measurement_of	body_space_or_junction
fungus	issue_in	occupation_or_discipline
organic_chemical	isa	chemical_viewed_structurally
pathologic_function	affects	fungus
biomedical_or_dental_material	affects	mental_process
lipid	causes	mental_or_behavioral_dysfunction
indicator_reagent_or_diagnostic_aid	isa	physical_object
enzyme	isa	entity
mental_process	result_of	injury_or_poisoning
pathologic_function	result_of	health_care_activity
behavior	associated_with	patient_or_disabled_group
lipid	affects	molecular_function
drug_delivery_device	treats	neoplastic_process
tissue	produces	steroid
age_group	isa	entity
physiologic_function	affects	cell_or_molecular_dysfunction
group	produces	clinical_drug
sign_or_symptom	manifestation_of	organism_function
organic_chemical	affects	genetic_function
professional_society	isa	entity
laboratory_procedure	measures	clinical_attribute
congenital_abnormality	result_of	cell_or_molecular_dysfunction
injury_or_poisoning	result_of	diagnostic_procedure
therapeutic_or_preventive_procedure	complicates	neoplastic_process
chemical_viewed_functionally	causes	pathologic_function
mental_or_behavioral_dysfunction	complicates	congenital_abnormality
tissue	part_of	virus
patient_or_disabled_group	produces	intellectual_product
anatomical_abnormality	affects	cell_function
patient_or_disabled_group	exhibits	behavior
genetic_function	result_of	molecular_function
group	uses	clinical_drug
laboratory_procedure	analyzes	lipid
receptor	affects	organism_function
laboratory_or_test_result	evaluation_of	organism_function
cell_function	affects	organism_function
population_group	produces	intellectual_product
organism_function	isa	event
receptor	affects	neoplastic_process
mental_or_behavioral_dysfunction	produces	body_substance
experimental_model_of_disease	produces	hormone
experimental_model_of_disease	affects	mammal
molecular_biology_research_technique	associated_with	congenital_abnormality
molecular_biology_research_technique	measures	mental_process
pharmacologic_substance	interacts_with	immunologic_factor
injury_or_poisoning	result_of	genetic_function
element_ion_or_isotope	isa	chemical
neuroreactive_substance_or_biogenic_amine	interacts_with	hazardous_or_poisonous_substance
eicosanoid	interacts_with	enzyme
eicosanoid	affects	organism_function
pharmacologic_substance	complicates	cell_or_molecular_dysfunction
experimental_model_of_disease	complicates	pathologic_function
nucleic_acid_nucleoside_or_nucleotide	issue_in	occupation_or_discipline
laboratory_procedure	measures	chemical_viewed_structurally
organism	issue_in	occupation_or_discipline
mental_process	precedes	molecular_function
reptile	interacts_with	mammal
diagnostic_procedure	measures	inorganic_chemical
cell_component	affects	molecular_function
molecular_biology_research_technique	measures	disease_or_syndrome
genetic_function	result_of	mental_process
element_ion_or_isotope	interacts_with	biomedical_or_dental_material
occupational_activity	associated_with	pathologic_function
diagnostic_procedure	measures	biologic_function
health_care_related_organization	isa	conceptual_entity
immunologic_factor	complicates	organ_or_tissue_function
acquired_abnormality	affects	mammal
mental_process	precedes	genetic_function
carbohydrate	affects	neoplastic_process
therapeutic_or_preventive_procedure	uses	research_device
receptor	disrupts	organism_function
gene_or_genome	location_of	physiologic_function
fully_formed_anatomical_structure	location_of	mental_process
neoplastic_process	result_of	pathologic_function
therapeutic_or_preventive_procedure	uses	manufactured_object
virus	location_of	neuroreactive_substance_or_biogenic_amine
plant	location_of	receptor
organophosphorus_compound	causes	disease_or_syndrome
regulation_or_law	affects	organization
neoplastic_process	result_of	molecular_function
hazardous_or_poisonous_substance	affects	pathologic_function
mental_or_behavioral_dysfunction	affects	molecular_function
diagnostic_procedure	assesses_effect_of	immunologic_factor
biologic_function	produces	immunologic_factor
body_space_or_junction	location_of	anatomical_abnormality
biologically_active_substance	complicates	molecular_function
organism_attribute	result_of	natural_phenomenon_or_process
nucleic_acid_nucleoside_or_nucleotide	affects	biologic_function
mental_or_behavioral_dysfunction	precedes	cell_or_molecular_dysfunction
nucleic_acid_nucleoside_or_nucleotide	interacts_with	biomedical_or_dental_material
nucleic_acid_nucleoside_or_nucleotide	causes	cell_or_molecular_dysfunction
nucleic_acid_nucleoside_or_nucleotide	interacts_with	receptor
body_space_or_junction	isa	conceptual_entity
governmental_or_regulatory_activity	associated_with	mental_or_behavioral_dysfunction
social_behavior	associated_with	group_attribute
mental_or_behavioral_dysfunction	affects	bacterium
molecular_function	isa	event
body_space_or_junction	location_of	neoplastic_process
clinical_attribute	measurement_of	physiologic_function
neuroreactive_substance_or_biogenic_amine	affects	neoplastic_process
population_group	uses	manufactured_object
disease_or_syndrome	result_of	acquired_abnormality
pharmacologic_substance	affects	mental_process
experimental_model_of_disease	affects	mental_or_behavioral_dysfunction
hormone	affects	physiologic_function
finding	associated_with	acquired_abnormality
physiologic_function	process_of	archaeon
quantitative_concept	issue_in	occupation_or_discipline
biologic_function	result_of	physiologic_function
organic_chemical	affects	experimental_model_of_disease
carbohydrate	interacts_with	indicator_reagent_or_diagnostic_aid
antibiotic	affects	experimental_model_of_disease
acquired_abnormality	affects	alga
pathologic_function	affects	disease_or_syndrome
therapeutic_or_preventive_procedure	affects	biologic_function
diagnostic_procedure	assesses_effect_of	antibiotic
cell	produces	body_substance
neoplastic_process	process_of	virus
nucleic_acid_nucleoside_or_nucleotide	interacts_with	vitamin
molecular_function	affects	human
food	affects	biologic_function
hazardous_or_poisonous_substance	affects	natural_phenomenon_or_process
cell_or_molecular_dysfunction	isa	natural_phenomenon_or_process
food	affects	pathologic_function
hazardous_or_poisonous_substance	causes	experimental_model_of_disease
organ_or_tissue_function	affects	animal
therapeutic_or_preventive_procedure	treats	sign_or_symptom
sign_or_symptom	manifestation_of	molecular_function
body_part_organ_or_organ_component	location_of	pathologic_function
eicosanoid	affects	cell_or_molecular_dysfunction
organization	carries_out	governmental_or_regulatory_activity
cell_component	isa	physical_object
sign_or_symptom	evaluation_of	physiologic_function
professional_or_occupational_group	performs	educational_activity
laboratory_or_test_result	measurement_of	chemical_viewed_functionally
rickettsia_or_chlamydia	interacts_with	reptile
natural_phenomenon_or_process	result_of	phenomenon_or_process
sign_or_symptom	associated_with	neoplastic_process
mental_or_behavioral_dysfunction	complicates	anatomical_abnormality
organism_function	result_of	cell_or_molecular_dysfunction
element_ion_or_isotope	affects	disease_or_syndrome
therapeutic_or_preventive_procedure	isa	activity
embryonic_structure	location_of	organism_function
organ_or_tissue_function	result_of	natural_phenomenon_or_process
cell_or_molecular_dysfunction	manifestation_of	neoplastic_process
experimental_model_of_disease	produces	body_substance
congenital_abnormality	part_of	amphibian
disease_or_syndrome	precedes	experimental_model_of_disease
cell_or_molecular_dysfunction	result_of	physiologic_function
family_group	uses	manufactured_object
machine_activity	method_of	diagnostic_procedure
gene_or_genome	isa	physical_object
organ_or_tissue_function	produces	receptor
family_group	performs	educational_activity
cell_function	affects	organism_attribute
regulation_or_law	affects	patient_or_disabled_group
vertebrate	interacts_with	bird
immunologic_factor	causes	pathologic_function
tissue	location_of	mental_process
self_help_or_relief_organization	location_of	governmental_or_regulatory_activity
mental_or_behavioral_dysfunction	result_of	individual_behavior
disease_or_syndrome	isa	natural_phenomenon_or_process
molecular_function	process_of	virus
animal	interacts_with	reptile
mental_or_behavioral_dysfunction	affects	genetic_function
self_help_or_relief_organization	carries_out	research_activity
pathologic_function	occurs_in	population_group
health_care_related_organization	manages	patient_or_disabled_group
biomedical_or_dental_material	isa	physical_object
hazardous_or_poisonous_substance	affects	experimental_model_of_disease
acquired_abnormality	location_of	mental_or_behavioral_dysfunction
organ_or_tissue_function	result_of	cell_or_molecular_dysfunction
cell_or_molecular_dysfunction	process_of	neoplastic_process
mental_or_behavioral_dysfunction	manifestation_of	experimental_model_of_disease
finding	evaluation_of	cell_function
disease_or_syndrome	process_of	vertebrate
laboratory_or_test_result	indicates	physiologic_function
genetic_function	process_of	animal
molecular_function	result_of	genetic_function
fish	exhibits	social_behavior
anatomical_structure	part_of	vertebrate
plant	interacts_with	mammal
therapeutic_or_preventive_procedure	affects	organism_function
chemical_viewed_functionally	affects	natural_phenomenon_or_process
anatomical_abnormality	result_of	acquired_abnormality
antibiotic	disrupts	organ_or_tissue_function
organic_chemical	affects	molecular_function
hormone	disrupts	organism_function
chemical_viewed_functionally	interacts_with	enzyme
neoplastic_process	degree_of	disease_or_syndrome
antibiotic	disrupts	gene_or_genome
congenital_abnormality	complicates	acquired_abnormality
diagnostic_procedure	analyzes	enzyme
self_help_or_relief_organization	carries_out	health_care_activity
body_system	issue_in	biomedical_occupation_or_discipline
language	isa	entity
genetic_function	process_of	mammal
congenital_abnormality	affects	plant
diagnostic_procedure	measures	steroid
cell_component	isa	anatomical_structure
experimental_model_of_disease	affects	rickettsia_or_chlamydia
mental_or_behavioral_dysfunction	co-occurs_with	anatomical_abnormality
diagnostic_procedure	measures	carbohydrate
embryonic_structure	isa	entity
genetic_function	affects	alga
disease_or_syndrome	co-occurs_with	pathologic_function
genetic_function	process_of	virus
natural_phenomenon_or_process	result_of	cell_function
anatomical_abnormality	affects	organism
immunologic_factor	complicates	congenital_abnormality
pharmacologic_substance	disrupts	molecular_function
disease_or_syndrome	result_of	laboratory_procedure
mental_or_behavioral_dysfunction	occurs_in	population_group
tissue	location_of	pathologic_function
health_care_related_organization	carries_out	health_care_activity
pathologic_function	result_of	environmental_effect_of_humans
archaeon	isa	entity
vitamin	isa	substance
body_substance	issue_in	biomedical_occupation_or_discipline
anatomical_abnormality	part_of	plant
injury_or_poisoning	result_of	organism_function
antibiotic	isa	physical_object
food	affects	cell_function
experimental_model_of_disease	process_of	human
clinical_attribute	property_of	alga
family_group	uses	drug_delivery_device
hazardous_or_poisonous_substance	complicates	pathologic_function
physiologic_function	produces	immunologic_factor
pharmacologic_substance	treats	anatomical_abnormality
steroid	interacts_with	biologically_active_substance
antibiotic	affects	molecular_function
clinical_attribute	result_of	organ_or_tissue_function
organ_or_tissue_function	process_of	cell_or_molecular_dysfunction
cell_component	part_of	tissue
natural_phenomenon_or_process	process_of	mental_process
laboratory_procedure	measures	genetic_function
congenital_abnormality	manifestation_of	organ_or_tissue_function
amino_acid_sequence	isa	molecular_sequence
disease_or_syndrome	result_of	experimental_model_of_disease
health_care_activity	associated_with	experimental_model_of_disease
antibiotic	complicates	neoplastic_process
hazardous_or_poisonous_substance	causes	neoplastic_process
hazardous_or_poisonous_substance	interacts_with	chemical
organization	carries_out	therapeutic_or_preventive_procedure
biologic_function	process_of	natural_phenomenon_or_process
experimental_model_of_disease	manifestation_of	organ_or_tissue_function
clinical_attribute	manifestation_of	organism_function
group_attribute	property_of	professional_or_occupational_group
disease_or_syndrome	manifestation_of	molecular_function
embryonic_structure	developmental_form_of	tissue
acquired_abnormality	isa	physical_object
mental_or_behavioral_dysfunction	occurs_in	disease_or_syndrome
molecular_function	isa	biologic_function
fungus	interacts_with	animal
acquired_abnormality	manifestation_of	organ_or_tissue_function
chemical_viewed_functionally	issue_in	biomedical_occupation_or_discipline
acquired_abnormality	complicates	congenital_abnormality
genetic_function	process_of	organism
receptor	isa	chemical_viewed_functionally
vitamin	interacts_with	receptor
antibiotic	affects	organism_function
research_device	causes	experimental_model_of_disease
laboratory_procedure	assesses_effect_of	biologic_function
group	uses	research_device
receptor	affects	genetic_function
mental_process	affects	clinical_attribute
clinical_attribute	result_of	environmental_effect_of_humans
mental_or_behavioral_dysfunction	isa	disease_or_syndrome
disease_or_syndrome	manifestation_of	mental_process
cell	part_of	virus
educational_activity	method_of	occupation_or_discipline
physiologic_function	process_of	alga
experimental_model_of_disease	affects	genetic_function
chemical	affects	cell_function
diagnostic_procedure	affects	organ_or_tissue_function
gene_or_genome	location_of	mental_or_behavioral_dysfunction
organization	location_of	research_activity
mental_process	issue_in	biomedical_occupation_or_discipline
mental_or_behavioral_dysfunction	process_of	vertebrate
neoplastic_process	affects	cell_or_molecular_dysfunction
neoplastic_process	complicates	cell_or_molecular_dysfunction
pharmacologic_substance	treats	pathologic_function
chemical_viewed_structurally	causes	anatomical_abnormality
group	issue_in	occupation_or_discipline
biologically_active_substance	causes	neoplastic_process
sign_or_symptom	associated_with	pathologic_function
behavior	associated_with	clinical_attribute
geographic_area	associated_with	mental_or_behavioral_dysfunction
social_behavior	associated_with	occupation_or_discipline
carbohydrate	isa	chemical_viewed_structurally
organization	carries_out	molecular_biology_research_technique
diagnostic_procedure	uses	clinical_drug
manufactured_object	causes	injury_or_poisoning
social_behavior	manifestation_of	mental_process
cell_or_molecular_dysfunction	occurs_in	population_group
congenital_abnormality	result_of	disease_or_syndrome
amino_acid_peptide_or_protein	interacts_with	indicator_reagent_or_diagnostic_aid
plant	interacts_with	archaeon
hormone	causes	pathologic_function
mental_process	produces	family_group
cell_or_molecular_dysfunction	result_of	biologic_function
mental_or_behavioral_dysfunction	occurs_in	neoplastic_process
cell_or_molecular_dysfunction	result_of	health_care_activity
eicosanoid	interacts_with	hazardous_or_poisonous_substance
steroid	issue_in	occupation_or_discipline
antibiotic	treats	anatomical_abnormality
activity	issue_in	biomedical_occupation_or_discipline
hormone	complicates	organ_or_tissue_function
organism_function	affects	disease_or_syndrome
antibiotic	prevents	experimental_model_of_disease
professional_or_occupational_group	manages	health_care_related_organization
tissue	location_of	diagnostic_procedure
fish	isa	animal
qualitative_concept	isa	entity
cell_or_molecular_dysfunction	affects	fish
event	issue_in	occupation_or_discipline
phenomenon_or_process	result_of	injury_or_poisoning
disease_or_syndrome	process_of	invertebrate
diagnostic_procedure	measures	organ_or_tissue_function
organophosphorus_compound	interacts_with	indicator_reagent_or_diagnostic_aid
finding	evaluation_of	clinical_attribute
professional_or_occupational_group	uses	intellectual_product
acquired_abnormality	issue_in	biomedical_occupation_or_discipline
mental_process	process_of	disease_or_syndrome
element_ion_or_isotope	interacts_with	neuroreactive_substance_or_biogenic_amine
chemical	affects	pathologic_function
amino_acid_peptide_or_protein	isa	entity
physiologic_function	result_of	anatomical_abnormality
mental_or_behavioral_dysfunction	produces	immunologic_factor
neuroreactive_substance_or_biogenic_amine	complicates	acquired_abnormality
acquired_abnormality	issue_in	occupation_or_discipline
neuroreactive_substance_or_biogenic_amine	disrupts	molecular_function
mental_process	affects	physiologic_function
experimental_model_of_disease	affects	invertebrate
carbohydrate	interacts_with	hormone
biologic_function	process_of	organism_function
neuroreactive_substance_or_biogenic_amine	complicates	pathologic_function
molecular_biology_research_technique	measures	hazardous_or_poisonous_substance
anatomical_structure	location_of	fungus
pharmacologic_substance	disrupts	cell_component
hormone	isa	chemical_viewed_functionally
embryonic_structure	part_of	rickettsia_or_chlamydia
qualitative_concept	evaluation_of	laboratory_procedure
physiologic_function	process_of	cell_or_molecular_dysfunction
anatomical_abnormality	part_of	fungus
drug_delivery_device	treats	disease_or_syndrome
organism_function	produces	family_group
population_group	performs	diagnostic_procedure
natural_phenomenon_or_process	affects	experimental_model_of_disease
health_care_activity	affects	neoplastic_process
biomedical_or_dental_material	causes	congenital_abnormality
hazardous_or_poisonous_substance	complicates	biologic_function
organ_or_tissue_function	affects	alga
cell_or_molecular_dysfunction	produces	biologically_active_substance
natural_phenomenon_or_process	isa	phenomenon_or_process
organophosphorus_compound	issue_in	biomedical_occupation_or_discipline
hormone	disrupts	embryonic_structure
molecular_biology_research_technique	measures	pharmacologic_substance
fungus	interacts_with	amphibian
pathologic_function	isa	phenomenon_or_process
disease_or_syndrome	process_of	bird
organ_or_tissue_function	affects	disease_or_syndrome
vitamin	affects	disease_or_syndrome
amphibian	issue_in	biomedical_occupation_or_discipline
cell_function	affects	plant
anatomical_abnormality	affects	alga
cell_or_molecular_dysfunction	affects	bacterium
cell_component	produces	body_substance
anatomical_abnormality	manifestation_of	neoplastic_process
fish	interacts_with	mammal
occupation_or_discipline	isa	conceptual_entity
amphibian	exhibits	behavior
acquired_abnormality	affects	organ_or_tissue_function
vitamin	ingredient_of	clinical_drug
regulation_or_law	affects	family_group
chemical_viewed_functionally	interacts_with	neuroreactive_substance_or_biogenic_amine
mental_or_behavioral_dysfunction	result_of	injury_or_poisoning
acquired_abnormality	manifestation_of	neoplastic_process
hormone	complicates	genetic_function
cell	produces	organophosphorus_compound
cell_function	precedes	organ_or_tissue_function
therapeutic_or_preventive_procedure	treats	disease_or_syndrome
immunologic_factor	disrupts	genetic_function
reptile	isa	animal
laboratory_or_test_result	measurement_of	mental_process
molecular_biology_research_technique	associated_with	injury_or_poisoning
geographic_area	associated_with	anatomical_abnormality
research_activity	measures	nucleic_acid_nucleoside_or_nucleotide
molecular_biology_research_technique	measures	chemical_viewed_structurally
qualitative_concept	issue_in	occupation_or_discipline
finding	evaluation_of	organism_attribute
molecular_biology_research_technique	measures	neuroreactive_substance_or_biogenic_amine
vertebrate	exhibits	behavior
mental_process	process_of	amphibian
injury_or_poisoning	complicates	pathologic_function
body_location_or_region	location_of	organism_function
physiologic_function	precedes	molecular_function
organization	carries_out	health_care_activity
hazardous_or_poisonous_substance	causes	mental_or_behavioral_dysfunction
immunologic_factor	disrupts	organ_or_tissue_function
acquired_abnormality	affects	fish
fully_formed_anatomical_structure	produces	immunologic_factor
clinical_attribute	property_of	vertebrate
hazardous_or_poisonous_substance	causes	disease_or_syndrome
gene_or_genome	produces	neuroreactive_substance_or_biogenic_amine
organophosphorus_compound	affects	organ_or_tissue_function
organism_function	process_of	mammal
mental_process	process_of	organism
inorganic_chemical	interacts_with	biologically_active_substance
family_group	uses	research_device
individual_behavior	associated_with	mental_or_behavioral_dysfunction
gene_or_genome	produces	enzyme
enzyme	complicates	molecular_function
cell_function	process_of	mammal
carbohydrate	causes	pathologic_function
group	performs	behavior
professional_society	produces	regulation_or_law
amino_acid_peptide_or_protein	causes	pathologic_function
vitamin	disrupts	body_part_organ_or_organ_component
age_group	performs	research_activity
organophosphorus_compound	interacts_with	receptor
functional_concept	isa	conceptual_entity
experimental_model_of_disease	affects	archaeon
congenital_abnormality	part_of	invertebrate
organism_attribute	property_of	fish
genetic_function	process_of	rickettsia_or_chlamydia
eicosanoid	isa	entity
bird	exhibits	behavior
natural_phenomenon_or_process	affects	pathologic_function
genetic_function	precedes	cell_function
cell_function	produces	neuroreactive_substance_or_biogenic_amine
bird	interacts_with	fish
experimental_model_of_disease	result_of	biologic_function
hormone	affects	organism_function
sign_or_symptom	evaluation_of	disease_or_syndrome
experimental_model_of_disease	manifestation_of	mental_process
pathologic_function	process_of	fish
population_group	produces	clinical_drug
cell_component	location_of	mental_process
tissue	isa	entity
cell_or_molecular_dysfunction	manifestation_of	mental_process
organism_function	affects	amphibian
hazardous_or_poisonous_substance	causes	cell_or_molecular_dysfunction
immunologic_factor	indicates	virus
organization	issue_in	biomedical_occupation_or_discipline
physiologic_function	process_of	organism
disease_or_syndrome	result_of	molecular_function
cell_function	result_of	anatomical_abnormality
experimental_model_of_disease	result_of	individual_behavior
laboratory_procedure	measures	receptor
neuroreactive_substance_or_biogenic_amine	disrupts	physiologic_function
biologically_active_substance	causes	acquired_abnormality
neoplastic_process	result_of	laboratory_procedure
medical_device	treats	disease_or_syndrome
pathologic_function	result_of	experimental_model_of_disease
body_location_or_region	location_of	cell_or_molecular_dysfunction
inorganic_chemical	interacts_with	biomedical_or_dental_material
cell_or_molecular_dysfunction	process_of	mental_process
organism_attribute	manifestation_of	genetic_function
embryonic_structure	part_of	alga
cell_function	result_of	environmental_effect_of_humans
environmental_effect_of_humans	result_of	mental_process
lipid	affects	cell_function
biologically_active_substance	complicates	pathologic_function
body_part_organ_or_organ_component	part_of	fish
professional_society	location_of	research_activity
pathologic_function	process_of	cell_or_molecular_dysfunction
hazardous_or_poisonous_substance	disrupts	molecular_function
laboratory_procedure	affects	genetic_function
enzyme	complicates	acquired_abnormality
mental_process	degree_of	organism_function
age_group	uses	manufactured_object
organic_chemical	interacts_with	biologically_active_substance
organic_chemical	interacts_with	carbohydrate
cell_or_molecular_dysfunction	affects	pathologic_function
eicosanoid	interacts_with	inorganic_chemical
therapeutic_or_preventive_procedure	complicates	cell_or_molecular_dysfunction
therapeutic_or_preventive_procedure	uses	medical_device
laboratory_procedure	analyzes	inorganic_chemical
disease_or_syndrome	affects	archaeon
experimental_model_of_disease	affects	natural_phenomenon_or_process
governmental_or_regulatory_activity	issue_in	occupation_or_discipline
pathologic_function	co-occurs_with	anatomical_abnormality
laboratory_or_test_result	associated_with	pathologic_function
genetic_function	affects	pathologic_function
chemical_viewed_structurally	affects	physiologic_function
molecular_biology_research_technique	measures	body_substance
pathologic_function	complicates	experimental_model_of_disease
gene_or_genome	location_of	fungus
temporal_concept	isa	entity
health_care_activity	isa	occupational_activity
age_group	produces	medical_device
genetic_function	isa	physiologic_function
biologic_function	produces	vitamin
neuroreactive_substance_or_biogenic_amine	causes	injury_or_poisoning
biologic_function	result_of	organ_or_tissue_function
disease_or_syndrome	process_of	human
mental_or_behavioral_dysfunction	manifestation_of	organism_function
element_ion_or_isotope	interacts_with	indicator_reagent_or_diagnostic_aid
chemical_viewed_structurally	causes	acquired_abnormality
research_activity	measures	eicosanoid
carbohydrate	interacts_with	enzyme
anatomical_abnormality	result_of	laboratory_procedure
immunologic_factor	isa	physical_object
pathologic_function	occurs_in	age_group
injury_or_poisoning	disrupts	physiologic_function
pathologic_function	process_of	rickettsia_or_chlamydia
molecular_function	process_of	mammal
neoplastic_process	affects	organism_function
family_group	uses	intellectual_product
laboratory_procedure	associated_with	congenital_abnormality
disease_or_syndrome	complicates	pathologic_function
antibiotic	affects	pathologic_function
antibiotic	complicates	organism_function
neuroreactive_substance_or_biogenic_amine	interacts_with	vitamin
group	performs	social_behavior
mental_process	issue_in	occupation_or_discipline
neoplastic_process	affects	mental_process
acquired_abnormality	manifestation_of	biologic_function
organ_or_tissue_function	process_of	amphibian
temporal_concept	issue_in	biomedical_occupation_or_discipline
gene_or_genome	location_of	cell_function
diagnostic_procedure	measures	biologically_active_substance
chemical_viewed_structurally	interacts_with	biologically_active_substance
therapeutic_or_preventive_procedure	method_of	occupation_or_discipline
group	uses	drug_delivery_device
steroid	causes	experimental_model_of_disease
lipid	causes	injury_or_poisoning
eicosanoid	interacts_with	biomedical_or_dental_material
bird	isa	physical_object
daily_or_recreational_activity	issue_in	biomedical_occupation_or_discipline
therapeutic_or_preventive_procedure	affects	organ_or_tissue_function
pathologic_function	affects	organism_function
diagnostic_procedure	measures	indicator_reagent_or_diagnostic_aid
organ_or_tissue_function	precedes	molecular_function
diagnostic_procedure	assesses_effect_of	amino_acid_peptide_or_protein
genetic_function	result_of	phenomenon_or_process
disease_or_syndrome	associated_with	experimental_model_of_disease
organophosphorus_compound	affects	organism_function
food	affects	mental_process
human_caused_phenomenon_or_process	result_of	acquired_abnormality
phenomenon_or_process	result_of	molecular_function
diagnostic_procedure	assesses_effect_of	hormone
genetic_function	affects	molecular_function
molecular_function	affects	fish
cell_or_molecular_dysfunction	produces	vitamin
physiologic_function	affects	mental_or_behavioral_dysfunction
cell_or_molecular_dysfunction	affects	virus
immunologic_factor	causes	injury_or_poisoning
body_substance	issue_in	occupation_or_discipline
laboratory_procedure	measures	temporal_concept
drug_delivery_device	issue_in	biomedical_occupation_or_discipline
genetic_function	process_of	cell_or_molecular_dysfunction
immunologic_factor	disrupts	mental_process
laboratory_procedure	assesses_effect_of	nucleic_acid_nucleoside_or_nucleotide
neoplastic_process	affects	organ_or_tissue_function
organism_function	affects	archaeon
organism_function	precedes	mental_process
vitamin	complicates	genetic_function
hazardous_or_poisonous_substance	complicates	genetic_function
experimental_model_of_disease	affects	vertebrate
eicosanoid	issue_in	occupation_or_discipline
patient_or_disabled_group	uses	intellectual_product
mental_or_behavioral_dysfunction	occurs_in	age_group
research_activity	measures	indicator_reagent_or_diagnostic_aid
biomedical_or_dental_material	affects	natural_phenomenon_or_process
genetic_function	produces	receptor
enzyme	causes	neoplastic_process
congenital_abnormality	result_of	acquired_abnormality
molecular_function	result_of	physiologic_function
molecular_biology_research_technique	measures	vitamin
lipid	causes	neoplastic_process
cell_function	process_of	plant
immunologic_factor	causes	neoplastic_process
immunologic_factor	isa	biologically_active_substance
pathologic_function	result_of	natural_phenomenon_or_process
cell	produces	organic_chemical
pharmacologic_substance	complicates	disease_or_syndrome
conceptual_entity	issue_in	occupation_or_discipline
disease_or_syndrome	affects	neoplastic_process
cell_or_molecular_dysfunction	affects	molecular_function
experimental_model_of_disease	occurs_in	neoplastic_process
sign_or_symptom	diagnoses	neoplastic_process
enzyme	complicates	genetic_function
alga	location_of	biologically_active_substance
therapeutic_or_preventive_procedure	uses	food
anatomical_abnormality	result_of	physiologic_function
laboratory_procedure	assesses_effect_of	organophosphorus_compound
population_group	isa	conceptual_entity
carbohydrate	affects	organism_function
environmental_effect_of_humans	result_of	physiologic_function
cell_or_molecular_dysfunction	process_of	amphibian
mental_process	produces	vitamin
molecular_sequence	issue_in	occupation_or_discipline
mental_or_behavioral_dysfunction	manifestation_of	disease_or_syndrome
body_system	conceptual_part_of	fully_formed_anatomical_structure
vitamin	associated_with	virus
pathologic_function	result_of	neoplastic_process
anatomical_abnormality	part_of	fish
mental_process	process_of	mental_or_behavioral_dysfunction
experimental_model_of_disease	result_of	anatomical_abnormality
molecular_function	affects	invertebrate
inorganic_chemical	isa	chemical
virus	causes	mental_or_behavioral_dysfunction
disease_or_syndrome	isa	biologic_function
disease_or_syndrome	process_of	rickettsia_or_chlamydia
biologic_function	process_of	molecular_function
cell_or_molecular_dysfunction	affects	natural_phenomenon_or_process
anatomical_abnormality	location_of	pathologic_function
research_activity	measures	cell_function
hormone	affects	molecular_function
tissue	location_of	neoplastic_process
cell	location_of	mental_process
physiologic_function	process_of	mental_process
carbohydrate	affects	genetic_function
individual_behavior	associated_with	pathologic_function
research_activity	uses	research_device
receptor	causes	neoplastic_process
organism_attribute	result_of	biologic_function
cell_component	affects	organ_or_tissue_function
mental_process	produces	age_group
congenital_abnormality	result_of	anatomical_abnormality
receptor	disrupts	embryonic_structure
research_activity	method_of	biomedical_occupation_or_discipline
fully_formed_anatomical_structure	part_of	alga
plant	isa	entity
disease_or_syndrome	manifestation_of	mental_or_behavioral_dysfunction
experimental_model_of_disease	manifestation_of	cell_function
laboratory_procedure	analyzes	chemical_viewed_functionally
mental_or_behavioral_dysfunction	result_of	human_caused_phenomenon_or_process
natural_phenomenon_or_process	result_of	acquired_abnormality
health_care_related_organization	carries_out	therapeutic_or_preventive_procedure
anatomical_abnormality	location_of	mental_or_behavioral_dysfunction
injury_or_poisoning	result_of	mental_process
medical_device	treats	cell_or_molecular_dysfunction
cell_component	part_of	vertebrate
governmental_or_regulatory_activity	associated_with	injury_or_poisoning
rickettsia_or_chlamydia	causes	experimental_model_of_disease
behavior	affects	individual_behavior
therapeutic_or_preventive_procedure	associated_with	anatomical_abnormality
diagnostic_procedure	diagnoses	injury_or_poisoning
laboratory_or_test_result	co-occurs_with	finding
pathologic_function	degree_of	cell_or_molecular_dysfunction
organism_function	process_of	plant
mental_process	process_of	genetic_function
mental_or_behavioral_dysfunction	complicates	acquired_abnormality
plant	interacts_with	amphibian
physiologic_function	process_of	natural_phenomenon_or_process
element_ion_or_isotope	interacts_with	inorganic_chemical
acquired_abnormality	result_of	therapeutic_or_preventive_procedure
neoplastic_process	precedes	experimental_model_of_disease
anatomical_abnormality	affects	bacterium
sign_or_symptom	diagnoses	pathologic_function
cell	issue_in	biomedical_occupation_or_discipline
disease_or_syndrome	affects	plant
medical_device	prevents	disease_or_syndrome
laboratory_or_test_result	indicates	injury_or_poisoning
molecular_biology_research_technique	measures	enzyme
hormone	isa	entity
disease_or_syndrome	complicates	congenital_abnormality
disease_or_syndrome	co-occurs_with	acquired_abnormality
laboratory_procedure	diagnoses	acquired_abnormality
gene_or_genome	location_of	biologic_function
molecular_biology_research_technique	measures	organophosphorus_compound
congenital_abnormality	affects	genetic_function
age_group	uses	medical_device
experimental_model_of_disease	affects	fish
experimental_model_of_disease	process_of	biologic_function
cell	location_of	congenital_abnormality
substance	causes	anatomical_abnormality
natural_phenomenon_or_process	result_of	environmental_effect_of_humans
laboratory_procedure	assesses_effect_of	lipid
mental_or_behavioral_dysfunction	manifestation_of	cell_function
experimental_model_of_disease	affects	human
neoplastic_process	manifestation_of	molecular_function
neoplastic_process	co-occurs_with	cell_or_molecular_dysfunction
acquired_abnormality	part_of	bacterium
genetic_function	affects	fungus
cell_or_molecular_dysfunction	process_of	molecular_function
antibiotic	issue_in	occupation_or_discipline
mental_or_behavioral_dysfunction	manifestation_of	mental_process
fungus	causes	mental_or_behavioral_dysfunction
amphibian	interacts_with	bird
hazardous_or_poisonous_substance	isa	substance
mental_or_behavioral_dysfunction	result_of	laboratory_procedure
population_group	interacts_with	family_group
professional_or_occupational_group	manages	organization
mammal	isa	physical_object
pathologic_function	process_of	natural_phenomenon_or_process
molecular_function	result_of	acquired_abnormality
educational_activity	associated_with	injury_or_poisoning
carbohydrate	interacts_with	pharmacologic_substance
anatomical_abnormality	manifestation_of	physiologic_function
organism_attribute	property_of	alga
eicosanoid	affects	neoplastic_process
molecular_function	process_of	fish
cell	part_of	animal
hormone	issue_in	biomedical_occupation_or_discipline
vitamin	issue_in	biomedical_occupation_or_discipline
neuroreactive_substance_or_biogenic_amine	issue_in	biomedical_occupation_or_discipline
diagnostic_procedure	analyzes	steroid
embryonic_structure	location_of	mental_process
alga	interacts_with	fungus
carbohydrate	affects	biologic_function
hazardous_or_poisonous_substance	disrupts	cell
fully_formed_anatomical_structure	part_of	fungus
organism_function	affects	mental_process
antibiotic	complicates	biologic_function
chemical_viewed_structurally	interacts_with	amino_acid_peptide_or_protein
cell_function	affects	archaeon
lipid	causes	experimental_model_of_disease
injury_or_poisoning	occurs_in	patient_or_disabled_group
steroid	causes	mental_or_behavioral_dysfunction
animal	interacts_with	amphibian
cell_or_molecular_dysfunction	produces	hormone
mental_or_behavioral_dysfunction	manifestation_of	pathologic_function
pathologic_function	affects	mammal
drug_delivery_device	issue_in	occupation_or_discipline
experimental_model_of_disease	affects	virus
carbohydrate	causes	acquired_abnormality
reptile	interacts_with	organism
biologically_active_substance	complicates	congenital_abnormality
antibiotic	affects	mental_process
mental_process	produces	neuroreactive_substance_or_biogenic_amine
mammal	isa	organism
acquired_abnormality	part_of	human
molecular_function	process_of	amphibian
steroid	causes	cell_or_molecular_dysfunction
neuroreactive_substance_or_biogenic_amine	causes	experimental_model_of_disease
organism_attribute	property_of	plant
professional_or_occupational_group	interacts_with	group
molecular_function	precedes	genetic_function
body_part_organ_or_organ_component	location_of	bacterium
body_space_or_junction	isa	spatial_concept
cell_or_molecular_dysfunction	produces	neuroreactive_substance_or_biogenic_amine
cell_or_molecular_dysfunction	result_of	diagnostic_procedure
organophosphorus_compound	causes	acquired_abnormality
neuroreactive_substance_or_biogenic_amine	causes	cell_or_molecular_dysfunction
organophosphorus_compound	affects	disease_or_syndrome
hazardous_or_poisonous_substance	complicates	physiologic_function
amino_acid_peptide_or_protein	causes	mental_or_behavioral_dysfunction
biologically_active_substance	disrupts	body_part_organ_or_organ_component
molecular_function	affects	bird
mental_or_behavioral_dysfunction	affects	bird
molecular_function	precedes	cell_function
substance	causes	mental_or_behavioral_dysfunction
governmental_or_regulatory_activity	associated_with	cell_or_molecular_dysfunction
inorganic_chemical	ingredient_of	clinical_drug
body_space_or_junction	location_of	mental_or_behavioral_dysfunction
organism_function	affects	neoplastic_process
vitamin	disrupts	fully_formed_anatomical_structure
occupational_activity	issue_in	occupation_or_discipline
diagnostic_procedure	analyzes	chemical
vitamin	affects	pathologic_function
food	causes	injury_or_poisoning
body_part_organ_or_organ_component	produces	organophosphorus_compound
plant	location_of	vitamin
professional_or_occupational_group	performs	behavior
human_caused_phenomenon_or_process	result_of	genetic_function
vitamin	causes	disease_or_syndrome
body_part_organ_or_organ_component	isa	fully_formed_anatomical_structure
laboratory_procedure	assesses_effect_of	pathologic_function
physiologic_function	isa	event
organism_function	process_of	mental_process
cell_function	process_of	cell_or_molecular_dysfunction
congenital_abnormality	affects	bacterium
mental_or_behavioral_dysfunction	result_of	health_care_activity
biomedical_or_dental_material	affects	experimental_model_of_disease
diagnostic_procedure	measures	enzyme
experimental_model_of_disease	complicates	neoplastic_process
pharmacologic_substance	causes	neoplastic_process
cell_function	process_of	physiologic_function
sign_or_symptom	manifestation_of	cell_function
physiologic_function	affects	pathologic_function
organ_or_tissue_function	affects	amphibian
gene_or_genome	part_of	fish
vitamin	disrupts	cell
carbohydrate	interacts_with	steroid
hazardous_or_poisonous_substance	issue_in	biomedical_occupation_or_discipline
pharmacologic_substance	complicates	acquired_abnormality
professional_or_occupational_group	treats	patient_or_disabled_group
group_attribute	isa	entity
population_group	associated_with	injury_or_poisoning
enzyme	issue_in	occupation_or_discipline
disease_or_syndrome	process_of	mental_process
immunologic_factor	affects	organism_function
injury_or_poisoning	result_of	acquired_abnormality
acquired_abnormality	manifestation_of	mental_or_behavioral_dysfunction
antibiotic	disrupts	genetic_function
finding	isa	entity
neoplastic_process	produces	vitamin
behavior	affects	mental_process
cell_component	adjacent_to	body_space_or_junction
diagnostic_procedure	affects	neoplastic_process
body_substance	causes	acquired_abnormality
body_space_or_junction	location_of	congenital_abnormality
cell_component	issue_in	biomedical_occupation_or_discipline
population_group	uses	clinical_drug
congenital_abnormality	manifestation_of	organism_function
organism_function	produces	neuroreactive_substance_or_biogenic_amine
mental_process	affects	reptile
amino_acid_peptide_or_protein	affects	natural_phenomenon_or_process
sign_or_symptom	isa	conceptual_entity
neuroreactive_substance_or_biogenic_amine	complicates	molecular_function
nucleic_acid_nucleoside_or_nucleotide	affects	genetic_function
organism_attribute	property_of	amphibian
individual_behavior	associated_with	organism_attribute
anatomical_abnormality	part_of	rickettsia_or_chlamydia
enzyme	affects	mental_or_behavioral_dysfunction
nucleotide_sequence	isa	spatial_concept
body_part_organ_or_organ_component	location_of	anatomical_abnormality
cell_or_molecular_dysfunction	manifestation_of	disease_or_syndrome
organic_chemical	affects	organism_function
hormone	complicates	congenital_abnormality
gene_or_genome	part_of	alga
organ_or_tissue_function	process_of	natural_phenomenon_or_process
diagnostic_procedure	analyzes	inorganic_chemical
family_group	performs	occupational_activity
chemical_viewed_structurally	causes	neoplastic_process
group_attribute	property_of	population_group
enzyme	affects	disease_or_syndrome
anatomical_abnormality	complicates	congenital_abnormality
vitamin	complicates	injury_or_poisoning
molecular_function	affects	plant
population_group	performs	machine_activity
indicator_reagent_or_diagnostic_aid	affects	organ_or_tissue_function
diagnostic_procedure	assesses_effect_of	receptor
laboratory_procedure	method_of	therapeutic_or_preventive_procedure
laboratory_procedure	assesses_effect_of	amino_acid_peptide_or_protein
molecular_biology_research_technique	measures	physiologic_function
behavior	associated_with	professional_or_occupational_group
congenital_abnormality	affects	amphibian
molecular_sequence	isa	entity
cell_or_molecular_dysfunction	associated_with	organism_attribute
cell	produces	enzyme
pathologic_function	affects	rickettsia_or_chlamydia
body_system	isa	entity
age_group	produces	manufactured_object
drug_delivery_device	prevents	pathologic_function
cell	location_of	physiologic_function
population_group	performs	therapeutic_or_preventive_procedure
plant	interacts_with	virus
antibiotic	disrupts	cell_component
pharmacologic_substance	affects	cell_function
biologically_active_substance	isa	chemical_viewed_functionally
cell_component	part_of	archaeon
gene_or_genome	location_of	injury_or_poisoning
biologically_active_substance	causes	cell_or_molecular_dysfunction
mental_or_behavioral_dysfunction	result_of	pathologic_function
organism_function	result_of	neoplastic_process
nucleic_acid_nucleoside_or_nucleotide	issue_in	biomedical_occupation_or_discipline
receptor	causes	experimental_model_of_disease
body_part_organ_or_organ_component	part_of	archaeon
body_location_or_region	location_of	biologic_function
cell_or_molecular_dysfunction	result_of	pathologic_function
laboratory_procedure	measures	inorganic_chemical
gene_or_genome	location_of	cell_or_molecular_dysfunction
mental_or_behavioral_dysfunction	affects	pathologic_function
mental_process	affects	vertebrate
laboratory_or_test_result	measurement_of	organism_function
immunologic_factor	ingredient_of	clinical_drug
patient_or_disabled_group	performs	molecular_biology_research_technique
pathologic_function	produces	enzyme
bird	exhibits	social_behavior
acquired_abnormality	location_of	fungus
qualitative_concept	evaluation_of	research_activity
lipid	causes	disease_or_syndrome
experimental_model_of_disease	complicates	disease_or_syndrome
congenital_abnormality	manifestation_of	cell_or_molecular_dysfunction
neoplastic_process	degree_of	mental_or_behavioral_dysfunction
fully_formed_anatomical_structure	contains	body_substance
mental_process	result_of	individual_behavior
organ_or_tissue_function	process_of	bird
steroid	interacts_with	hazardous_or_poisonous_substance
diagnostic_procedure	associated_with	cell_or_molecular_dysfunction
lipid	isa	chemical
social_behavior	affects	mental_process
geographic_area	associated_with	pathologic_function
cell_function	produces	body_substance
pathologic_function	manifestation_of	molecular_function
enzyme	affects	biologic_function
mental_or_behavioral_dysfunction	result_of	acquired_abnormality
enzyme	disrupts	cell_component
temporal_concept	isa	conceptual_entity
experimental_model_of_disease	affects	bird
diagnostic_procedure	analyzes	chemical_viewed_structurally
phenomenon_or_process	result_of	disease_or_syndrome
congenital_abnormality	isa	anatomical_structure
mental_or_behavioral_dysfunction	associated_with	clinical_attribute
organ_or_tissue_function	process_of	fish
sign_or_symptom	evaluation_of	pathologic_function
family_group	produces	classification
group_attribute	property_of	age_group
inorganic_chemical	issue_in	occupation_or_discipline
neoplastic_process	manifestation_of	physiologic_function
organism_attribute	result_of	human_caused_phenomenon_or_process
inorganic_chemical	interacts_with	immunologic_factor
pathologic_function	result_of	phenomenon_or_process
organism_function	result_of	molecular_function
drug_delivery_device	causes	anatomical_abnormality
neoplastic_process	process_of	cell_or_molecular_dysfunction
cell_or_molecular_dysfunction	result_of	injury_or_poisoning
genetic_function	process_of	plant
mental_process	process_of	cell_or_molecular_dysfunction
gene_or_genome	location_of	genetic_function
antibiotic	causes	experimental_model_of_disease
laboratory_procedure	affects	disease_or_syndrome
bird	interacts_with	organism
environmental_effect_of_humans	result_of	organ_or_tissue_function
genetic_function	affects	bird
regulation_or_law	affects	self_help_or_relief_organization
mental_or_behavioral_dysfunction	process_of	organism_function
population_group	issue_in	occupation_or_discipline
nucleic_acid_nucleoside_or_nucleotide	affects	neoplastic_process
laboratory_procedure	affects	cell_or_molecular_dysfunction
alga	interacts_with	organism
age_group	performs	governmental_or_regulatory_activity
biologic_function	process_of	disease_or_syndrome
acquired_abnormality	manifestation_of	organism_function
pathologic_function	complicates	neoplastic_process
neoplastic_process	process_of	fish
gene_or_genome	produces	biologically_active_substance
enzyme	causes	pathologic_function
cell_or_molecular_dysfunction	affects	organism
behavior	associated_with	group
steroid	affects	organism_function
disease_or_syndrome	process_of	animal
molecular_biology_research_technique	measures	steroid
biomedical_or_dental_material	affects	organ_or_tissue_function
drug_delivery_device	causes	cell_or_molecular_dysfunction
cell_or_molecular_dysfunction	occurs_in	disease_or_syndrome
clinical_attribute	manifestation_of	genetic_function
laboratory_or_test_result	measurement_of	nucleic_acid_nucleoside_or_nucleotide
cell_or_molecular_dysfunction	associated_with	pathologic_function
chemical_viewed_structurally	interacts_with	neuroreactive_substance_or_biogenic_amine
experimental_model_of_disease	issue_in	biomedical_occupation_or_discipline
biologically_active_substance	issue_in	biomedical_occupation_or_discipline
immunologic_factor	interacts_with	indicator_reagent_or_diagnostic_aid
pharmacologic_substance	ingredient_of	clinical_drug
cell_component	produces	eicosanoid
laboratory_or_test_result	issue_in	occupation_or_discipline
organism_attribute	manifestation_of	molecular_function
gene_or_genome	carries_out	genetic_function
anatomical_abnormality	affects	archaeon
steroid	causes	neoplastic_process
alga	interacts_with	amphibian
chemical_viewed_structurally	affects	molecular_function
amino_acid_peptide_or_protein	interacts_with	pharmacologic_substance
acquired_abnormality	affects	bacterium
organ_or_tissue_function	affects	mental_or_behavioral_dysfunction
research_activity	measures	hazardous_or_poisonous_substance
disease_or_syndrome	co-occurs_with	mental_or_behavioral_dysfunction
congenital_abnormality	occurs_in	population_group
biomedical_or_dental_material	isa	entity
family_group	performs	behavior
chemical_viewed_structurally	interacts_with	hazardous_or_poisonous_substance
cell_or_molecular_dysfunction	affects	invertebrate
amino_acid_peptide_or_protein	affects	experimental_model_of_disease
sign_or_symptom	associated_with	cell_or_molecular_dysfunction
alga	interacts_with	reptile
organism_function	result_of	organ_or_tissue_function
element_ion_or_isotope	isa	entity
receptor	complicates	cell_or_molecular_dysfunction
diagnostic_procedure	associated_with	anatomical_abnormality
body_substance	causes	injury_or_poisoning
organ_or_tissue_function	produces	immunologic_factor
laboratory_procedure	analyzes	steroid
invertebrate	isa	organism
individual_behavior	conceptually_related_to	idea_or_concept
genetic_function	process_of	fungus
enzyme	associated_with	virus
group	performs	individual_behavior
pathologic_function	co-occurs_with	acquired_abnormality
drug_delivery_device	causes	experimental_model_of_disease
experimental_model_of_disease	result_of	organ_or_tissue_function
acquired_abnormality	result_of	anatomical_abnormality
lipid	interacts_with	inorganic_chemical
self_help_or_relief_organization	produces	regulation_or_law
bacterium	causes	cell_or_molecular_dysfunction
injury_or_poisoning	associated_with	organism_attribute
organism_attribute	issue_in	biomedical_occupation_or_discipline
language	issue_in	occupation_or_discipline
laboratory_procedure	assesses_effect_of	organism_function
anatomical_abnormality	location_of	disease_or_syndrome
nucleotide_sequence	isa	entity
cell_or_molecular_dysfunction	produces	body_substance
tissue	surrounds	body_substance
enzyme	interacts_with	chemical
behavior	manifestation_of	mental_or_behavioral_dysfunction
organophosphorus_compound	affects	physiologic_function
gene_or_genome	issue_in	biomedical_occupation_or_discipline
human_caused_phenomenon_or_process	result_of	environmental_effect_of_humans
plant	location_of	enzyme
carbohydrate	affects	cell_function
laboratory_procedure	method_of	diagnostic_procedure
body_space_or_junction	contains	body_substance
hormone	complicates	mental_process
organ_or_tissue_function	process_of	organism_function
laboratory_procedure	affects	organism_function
organism_function	issue_in	biomedical_occupation_or_discipline
immunologic_factor	complicates	pathologic_function
inorganic_chemical	affects	natural_phenomenon_or_process
antibiotic	disrupts	cell_function
experimental_model_of_disease	result_of	disease_or_syndrome
biomedical_or_dental_material	interacts_with	neuroreactive_substance_or_biogenic_amine
eicosanoid	isa	chemical_viewed_structurally
acquired_abnormality	affects	genetic_function
medical_device	treats	congenital_abnormality
fully_formed_anatomical_structure	isa	physical_object
anatomical_abnormality	affects	animal
invertebrate	isa	physical_object
research_activity	measures	organic_chemical
experimental_model_of_disease	process_of	molecular_function
health_care_activity	associated_with	disease_or_syndrome
body_part_organ_or_organ_component	part_of	amphibian
diagnostic_procedure	analyzes	organic_chemical
medical_device	treats	injury_or_poisoning
anatomical_structure	part_of	bacterium
biologic_function	affects	mental_process
carbohydrate	causes	disease_or_syndrome
element_ion_or_isotope	isa	substance
mental_or_behavioral_dysfunction	produces	tissue
organism_function	process_of	fish
cell_function	process_of	organ_or_tissue_function
fully_formed_anatomical_structure	location_of	genetic_function
inorganic_chemical	causes	injury_or_poisoning
diagnostic_procedure	analyzes	receptor
daily_or_recreational_activity	associated_with	anatomical_abnormality
tissue	location_of	genetic_function
acquired_abnormality	location_of	pathologic_function
pharmacologic_substance	disrupts	genetic_function
quantitative_concept	measurement_of	nucleotide_sequence
injury_or_poisoning	complicates	congenital_abnormality
mental_or_behavioral_dysfunction	process_of	disease_or_syndrome
disease_or_syndrome	complicates	experimental_model_of_disease
diagnostic_procedure	affects	disease_or_syndrome
fungus	interacts_with	archaeon
cell_function	process_of	genetic_function
experimental_model_of_disease	precedes	pathologic_function
immunologic_factor	complicates	biologic_function
natural_phenomenon_or_process	issue_in	occupation_or_discipline
sign_or_symptom	evaluation_of	neoplastic_process
mental_or_behavioral_dysfunction	result_of	disease_or_syndrome
group	exhibits	social_behavior
cell_function	result_of	natural_phenomenon_or_process
laboratory_or_test_result	measurement_of	genetic_function
plant	interacts_with	bird
diagnostic_procedure	assesses_effect_of	biomedical_or_dental_material
vitamin	issue_in	occupation_or_discipline
congenital_abnormality	affects	rickettsia_or_chlamydia
chemical	causes	cell_or_molecular_dysfunction
human_caused_phenomenon_or_process	result_of	organism_function
laboratory_or_test_result	indicates	cell_function
chemical_viewed_structurally	causes	disease_or_syndrome
mental_process	affects	plant
injury_or_poisoning	result_of	neoplastic_process
rickettsia_or_chlamydia	location_of	enzyme
vitamin	interacts_with	hazardous_or_poisonous_substance
mental_or_behavioral_dysfunction	precedes	experimental_model_of_disease
cell_or_molecular_dysfunction	manifestation_of	genetic_function
enzyme	affects	pathologic_function
pathologic_function	affects	fish
phenomenon_or_process	result_of	experimental_model_of_disease
neoplastic_process	result_of	biologic_function
population_group	associated_with	experimental_model_of_disease
governmental_or_regulatory_activity	associated_with	acquired_abnormality
professional_or_occupational_group	produces	drug_delivery_device
regulation_or_law	isa	intellectual_product
substance	ingredient_of	clinical_drug
steroid	isa	physical_object
body_location_or_region	adjacent_to	body_part_organ_or_organ_component
drug_delivery_device	isa	medical_device
disease_or_syndrome	result_of	health_care_activity
neuroreactive_substance_or_biogenic_amine	associated_with	virus
anatomical_abnormality	complicates	acquired_abnormality
professional_or_occupational_group	performs	activity
body_location_or_region	location_of	experimental_model_of_disease
acquired_abnormality	affects	bird
enzyme	disrupts	molecular_function
physiologic_function	affects	amphibian
organism_function	affects	cell_or_molecular_dysfunction
inorganic_chemical	affects	disease_or_syndrome
injury_or_poisoning	issue_in	biomedical_occupation_or_discipline
neoplastic_process	process_of	organ_or_tissue_function
mental_or_behavioral_dysfunction	complicates	cell_or_molecular_dysfunction
pathologic_function	process_of	animal
biologic_function	process_of	rickettsia_or_chlamydia
biologic_function	affects	reptile
cell_or_molecular_dysfunction	affects	disease_or_syndrome
cell	produces	eicosanoid
organization	location_of	diagnostic_procedure
cell_or_molecular_dysfunction	manifestation_of	pathologic_function
health_care_activity	associated_with	neoplastic_process
phenomenon_or_process	result_of	cell_function
genetic_function	process_of	invertebrate
receptor	complicates	organ_or_tissue_function
therapeutic_or_preventive_procedure	affects	physiologic_function
molecular_biology_research_technique	measures	hormone
immunologic_factor	indicates	experimental_model_of_disease
diagnostic_procedure	measures	mental_process
amino_acid_peptide_or_protein	causes	injury_or_poisoning
congenital_abnormality	location_of	experimental_model_of_disease
biomedical_or_dental_material	isa	chemical_viewed_functionally
organic_chemical	isa	physical_object
diagnostic_procedure	measures	cell_or_molecular_dysfunction
neuroreactive_substance_or_biogenic_amine	affects	biologic_function
neuroreactive_substance_or_biogenic_amine	complicates	organ_or_tissue_function
neuroreactive_substance_or_biogenic_amine	causes	disease_or_syndrome
quantitative_concept	isa	entity
biomedical_or_dental_material	affects	molecular_function
vitamin	affects	experimental_model_of_disease
finding	associated_with	mental_or_behavioral_dysfunction
laboratory_procedure	affects	cell_function
gene_or_genome	part_of	organism
chemical_viewed_structurally	isa	entity
acquired_abnormality	part_of	mammal
mental_or_behavioral_dysfunction	result_of	cell_function
bacterium	interacts_with	organism
biologic_function	affects	organism
body_part_organ_or_organ_component	adjacent_to	body_space_or_junction
bacterium	interacts_with	reptile
population_group	performs	behavior
injury_or_poisoning	occurs_in	family_group
cell_or_molecular_dysfunction	result_of	phenomenon_or_process
nucleic_acid_nucleoside_or_nucleotide	interacts_with	inorganic_chemical
professional_society	carries_out	occupational_activity
acquired_abnormality	part_of	animal
anatomical_abnormality	occurs_in	age_group
cell_or_molecular_dysfunction	produces	immunologic_factor
governmental_or_regulatory_activity	method_of	occupation_or_discipline
molecular_sequence	isa	conceptual_entity
tissue	location_of	therapeutic_or_preventive_procedure
mental_or_behavioral_dysfunction	result_of	diagnostic_procedure
body_space_or_junction	location_of	body_substance
cell_function	process_of	disease_or_syndrome
disease_or_syndrome	isa	phenomenon_or_process
diagnostic_procedure	assesses_effect_of	inorganic_chemical
cell_component	location_of	acquired_abnormality
laboratory_procedure	assesses_effect_of	steroid
enzyme	causes	experimental_model_of_disease
neuroreactive_substance_or_biogenic_amine	affects	mental_process
genetic_function	precedes	physiologic_function
vitamin	complicates	organ_or_tissue_function
manufactured_object	causes	congenital_abnormality
tissue	part_of	organism
body_part_organ_or_organ_component	part_of	rickettsia_or_chlamydia
therapeutic_or_preventive_procedure	complicates	mental_or_behavioral_dysfunction
neuroreactive_substance_or_biogenic_amine	complicates	physiologic_function
neoplastic_process	process_of	animal
mental_or_behavioral_dysfunction	result_of	therapeutic_or_preventive_procedure
bacterium	location_of	neuroreactive_substance_or_biogenic_amine
drug_delivery_device	causes	acquired_abnormality
immunologic_factor	complicates	mental_process
carbohydrate	causes	experimental_model_of_disease
anatomical_abnormality	manifestation_of	cell_function
receptor	complicates	acquired_abnormality
hazardous_or_poisonous_substance	isa	entity
finding	evaluation_of	physiologic_function
anatomical_abnormality	affects	amphibian
group	produces	regulation_or_law
natural_phenomenon_or_process	result_of	mental_or_behavioral_dysfunction
carbohydrate	interacts_with	hazardous_or_poisonous_substance
chemical_viewed_structurally	isa	chemical
congenital_abnormality	affects	virus
pharmacologic_substance	affects	pathologic_function
sign_or_symptom	evaluation_of	cell_or_molecular_dysfunction
molecular_function	result_of	pathologic_function
experimental_model_of_disease	complicates	congenital_abnormality
research_activity	measures	hormone
biologically_active_substance	disrupts	cell_function
congenital_abnormality	part_of	reptile
cell_or_molecular_dysfunction	process_of	animal
mental_or_behavioral_dysfunction	affects	invertebrate
age_group	interacts_with	group
body_system	isa	functional_concept
organ_or_tissue_function	result_of	mental_process
fungus	issue_in	biomedical_occupation_or_discipline
mental_process	affects	genetic_function
disease_or_syndrome	process_of	cell_function
diagnostic_procedure	uses	pharmacologic_substance
hormone	affects	neoplastic_process
mental_process	affects	organism
cell	produces	neuroreactive_substance_or_biogenic_amine
laboratory_procedure	assesses_effect_of	antibiotic
food	issue_in	occupation_or_discipline
vitamin	causes	pathologic_function
family_group	performs	activity
experimental_model_of_disease	result_of	mental_or_behavioral_dysfunction
molecular_function	produces	body_substance
mental_or_behavioral_dysfunction	co-occurs_with	cell_or_molecular_dysfunction
carbohydrate	causes	anatomical_abnormality
experimental_model_of_disease	process_of	animal
research_activity	issue_in	biomedical_occupation_or_discipline
mental_process	result_of	experimental_model_of_disease
medical_device	prevents	cell_or_molecular_dysfunction
mental_process	affects	natural_phenomenon_or_process
finding	evaluation_of	molecular_function
cell_or_molecular_dysfunction	co-occurs_with	experimental_model_of_disease
phenomenon_or_process	result_of	acquired_abnormality
mental_or_behavioral_dysfunction	manifestation_of	organ_or_tissue_function
mental_or_behavioral_dysfunction	manifestation_of	injury_or_poisoning
mental_process	process_of	physiologic_function
phenomenon_or_process	result_of	organ_or_tissue_function
biomedical_or_dental_material	affects	disease_or_syndrome
neoplastic_process	process_of	natural_phenomenon_or_process
pharmacologic_substance	treats	experimental_model_of_disease
diagnostic_procedure	affects	organism_function
laboratory_procedure	assesses_effect_of	receptor
organic_chemical	affects	mental_process
anatomical_abnormality	issue_in	occupation_or_discipline
disease_or_syndrome	affects	physiologic_function
gene_or_genome	produces	amino_acid_peptide_or_protein
organism_attribute	result_of	phenomenon_or_process
organism_function	process_of	amphibian
clinical_attribute	measurement_of	organism_function
organism_function	affects	virus
organization	carries_out	occupational_activity
congenital_abnormality	manifestation_of	experimental_model_of_disease
diagnostic_procedure	measures	organic_chemical
plant	interacts_with	fish
clinical_attribute	isa	organism_attribute
organism_attribute	property_of	virus
body_substance	consists_of	organic_chemical
organism_function	process_of	cell_function
carbohydrate_sequence	issue_in	occupation_or_discipline
experimental_model_of_disease	co-occurs_with	injury_or_poisoning
molecular_biology_research_technique	measures	chemical
fish	isa	entity
mental_or_behavioral_dysfunction	result_of	natural_phenomenon_or_process
organophosphorus_compound	causes	anatomical_abnormality
occupational_activity	associated_with	acquired_abnormality
amino_acid_sequence	issue_in	biomedical_occupation_or_discipline
genetic_function	affects	vertebrate
organophosphorus_compound	interacts_with	chemical_viewed_functionally
research_activity	measures	clinical_attribute
body_part_organ_or_organ_component	location_of	diagnostic_procedure
organism_attribute	result_of	physiologic_function
tissue	produces	immunologic_factor
steroid	interacts_with	biomedical_or_dental_material
body_substance	consists_of	nucleic_acid_nucleoside_or_nucleotide
professional_or_occupational_group	produces	intellectual_product
cell_component	produces	organic_chemical
steroid	interacts_with	vitamin
fully_formed_anatomical_structure	isa	anatomical_structure
professional_or_occupational_group	produces	research_device
pathologic_function	affects	archaeon
immunologic_factor	affects	mental_process
pathologic_function	complicates	acquired_abnormality
molecular_biology_research_technique	method_of	therapeutic_or_preventive_procedure
therapeutic_or_preventive_procedure	associated_with	pathologic_function
organophosphorus_compound	affects	molecular_function
molecular_function	process_of	organ_or_tissue_function
cell_function	process_of	bird
chemical_viewed_functionally	affects	cell_function
inorganic_chemical	interacts_with	hormone
organic_chemical	interacts_with	enzyme
body_part_organ_or_organ_component	produces	enzyme
cell_or_molecular_dysfunction	result_of	behavior
eicosanoid	interacts_with	chemical_viewed_functionally
nucleic_acid_nucleoside_or_nucleotide	interacts_with	enzyme
steroid	interacts_with	neuroreactive_substance_or_biogenic_amine
pharmacologic_substance	disrupts	tissue
drug_delivery_device	causes	neoplastic_process
pharmacologic_substance	isa	chemical_viewed_functionally
laboratory_procedure	diagnoses	disease_or_syndrome
chemical_viewed_functionally	interacts_with	indicator_reagent_or_diagnostic_aid
hormone	affects	organ_or_tissue_function
hormone	causes	disease_or_syndrome
body_part_organ_or_organ_component	isa	entity
laboratory_or_test_result	associated_with	experimental_model_of_disease
organ_or_tissue_function	result_of	molecular_function
antibiotic	complicates	genetic_function
diagnostic_procedure	diagnoses	neoplastic_process
organism_attribute	result_of	environmental_effect_of_humans
hormone	causes	experimental_model_of_disease
patient_or_disabled_group	performs	behavior
organization	location_of	therapeutic_or_preventive_procedure
neoplastic_process	result_of	therapeutic_or_preventive_procedure
rickettsia_or_chlamydia	interacts_with	organism
research_activity	associated_with	experimental_model_of_disease
pharmacologic_substance	disrupts	gene_or_genome
laboratory_procedure	measures	neoplastic_process
clinical_drug	isa	entity
health_care_activity	affects	molecular_function
spatial_concept	isa	entity
group	performs	laboratory_procedure
pharmacologic_substance	complicates	pathologic_function
body_space_or_junction	location_of	cell_or_molecular_dysfunction
immunologic_factor	indicates	cell_or_molecular_dysfunction
plant	interacts_with	invertebrate
molecular_biology_research_technique	measures	carbohydrate
reptile	exhibits	individual_behavior
finding	evaluation_of	organ_or_tissue_function
laboratory_or_test_result	manifestation_of	anatomical_abnormality
research_activity	measures	mental_or_behavioral_dysfunction
biomedical_or_dental_material	interacts_with	enzyme
organ_or_tissue_function	affects	natural_phenomenon_or_process
organism_function	affects	clinical_attribute
family_group	performs	diagnostic_procedure
organism_attribute	property_of	vertebrate
laboratory_procedure	analyzes	organic_chemical
archaeon	isa	organism
drug_delivery_device	prevents	cell_or_molecular_dysfunction
temporal_concept	conceptual_part_of	cell_function
anatomical_structure	part_of	amphibian
tissue	part_of	bird
experimental_model_of_disease	degree_of	neoplastic_process
tissue	produces	amino_acid_peptide_or_protein
enzyme	disrupts	cell
laboratory_procedure	assesses_effect_of	chemical_viewed_functionally
vitamin	affects	cell_or_molecular_dysfunction
fungus	causes	cell_or_molecular_dysfunction
organism_function	degree_of	mental_process
manufactured_object	issue_in	biomedical_occupation_or_discipline
antibiotic	disrupts	physiologic_function
professional_society	carries_out	governmental_or_regulatory_activity
idea_or_concept	isa	entity
cell_or_molecular_dysfunction	affects	alga
organ_or_tissue_function	process_of	bacterium
indicator_reagent_or_diagnostic_aid	affects	neoplastic_process
enzyme	disrupts	gene_or_genome
health_care_activity	associated_with	pathologic_function
organ_or_tissue_function	precedes	physiologic_function
virus	interacts_with	bird
tissue	produces	enzyme
professional_society	location_of	diagnostic_procedure
chemical_viewed_structurally	affects	neoplastic_process
mental_or_behavioral_dysfunction	process_of	organism
fungus	interacts_with	human
daily_or_recreational_activity	associated_with	congenital_abnormality
rickettsia_or_chlamydia	isa	physical_object
organ_or_tissue_function	affects	physiologic_function
neoplastic_process	affects	animal
human	issue_in	occupation_or_discipline
organism_attribute	manifestation_of	mental_process
organophosphorus_compound	affects	experimental_model_of_disease
immunologic_factor	interacts_with	hazardous_or_poisonous_substance
organic_chemical	issue_in	occupation_or_discipline
amino_acid_peptide_or_protein	isa	physical_object
alga	interacts_with	vertebrate
neuroreactive_substance_or_biogenic_amine	isa	physical_object
anatomical_abnormality	occurs_in	population_group
experimental_model_of_disease	complicates	cell_or_molecular_dysfunction
finding	manifestation_of	pathologic_function
inorganic_chemical	causes	experimental_model_of_disease
experimental_model_of_disease	result_of	behavior
pharmacologic_substance	affects	molecular_function
anatomical_abnormality	part_of	archaeon
health_care_related_organization	location_of	therapeutic_or_preventive_procedure
experimental_model_of_disease	affects	pathologic_function
vitamin	disrupts	physiologic_function
mental_or_behavioral_dysfunction	complicates	disease_or_syndrome
self_help_or_relief_organization	location_of	molecular_biology_research_technique
carbohydrate	interacts_with	eicosanoid
diagnostic_procedure	associated_with	disease_or_syndrome
experimental_model_of_disease	process_of	physiologic_function
nucleic_acid_nucleoside_or_nucleotide	affects	pathologic_function
congenital_abnormality	associated_with	clinical_attribute
molecular_biology_research_technique	measures	immunologic_factor
phenomenon_or_process	result_of	pathologic_function
injury_or_poisoning	result_of	physiologic_function
research_activity	measures	enzyme
mental_process	affects	behavior
laboratory_procedure	assesses_effect_of	cell_function
lipid	ingredient_of	clinical_drug
experimental_model_of_disease	process_of	mammal
amino_acid_peptide_or_protein	interacts_with	immunologic_factor
tissue	part_of	amphibian
neoplastic_process	occurs_in	patient_or_disabled_group
congenital_abnormality	result_of	organism_function
biologic_function	process_of	alga
molecular_function	affects	organism
genetic_function	result_of	injury_or_poisoning
patient_or_disabled_group	performs	therapeutic_or_preventive_procedure
genetic_function	process_of	organism_function
age_group	produces	intellectual_product
carbohydrate	causes	injury_or_poisoning
antibiotic	causes	anatomical_abnormality
carbohydrate	affects	mental_or_behavioral_dysfunction
nucleic_acid_nucleoside_or_nucleotide	interacts_with	immunologic_factor
mental_or_behavioral_dysfunction	complicates	pathologic_function
neoplastic_process	result_of	social_behavior
experimental_model_of_disease	process_of	rickettsia_or_chlamydia
cell_function	process_of	biologic_function
occupational_activity	associated_with	injury_or_poisoning
anatomical_abnormality	isa	entity
pathologic_function	precedes	disease_or_syndrome
immunologic_factor	interacts_with	chemical
health_care_related_organization	location_of	laboratory_procedure
amino_acid_peptide_or_protein	interacts_with	lipid
chemical_viewed_functionally	affects	organ_or_tissue_function
steroid	interacts_with	pharmacologic_substance
organ_or_tissue_function	result_of	mental_or_behavioral_dysfunction
lipid	affects	cell_or_molecular_dysfunction
chemical	causes	experimental_model_of_disease
antibiotic	treats	neoplastic_process
pathologic_function	occurs_in	disease_or_syndrome
organism	issue_in	biomedical_occupation_or_discipline
experimental_model_of_disease	occurs_in	patient_or_disabled_group
cell_component	part_of	animal
laboratory_procedure	measures	molecular_function
inorganic_chemical	interacts_with	vitamin
research_activity	measures	receptor
alga	interacts_with	archaeon
disease_or_syndrome	associated_with	cell_or_molecular_dysfunction
hormone	disrupts	cell_component
body_part_organ_or_organ_component	location_of	organism_function
pharmacologic_substance	complicates	congenital_abnormality
cell_function	process_of	organism
congenital_abnormality	affects	alga
genetic_function	result_of	acquired_abnormality
population_group	interacts_with	age_group
laboratory_or_test_result	evaluation_of	pathologic_function
organism_function	affects	human
neoplastic_process	manifestation_of	cell_or_molecular_dysfunction
cell	location_of	cell_function
diagnostic_procedure	assesses_effect_of	indicator_reagent_or_diagnostic_aid
disease_or_syndrome	precedes	cell_or_molecular_dysfunction
nucleic_acid_nucleoside_or_nucleotide	affects	organ_or_tissue_function
pharmacologic_substance	prevents	mental_or_behavioral_dysfunction
vitamin	isa	entity
environmental_effect_of_humans	result_of	disease_or_syndrome
vitamin	causes	congenital_abnormality
organophosphorus_compound	affects	neoplastic_process
mental_or_behavioral_dysfunction	affects	experimental_model_of_disease
acquired_abnormality	part_of	archaeon
population_group	uses	research_device
carbohydrate	interacts_with	vitamin
age_group	uses	drug_delivery_device
gene_or_genome	part_of	virus
pathologic_function	manifestation_of	physiologic_function
cell_or_molecular_dysfunction	complicates	neoplastic_process
professional_or_occupational_group	practices	occupation_or_discipline
functional_concept	isa	idea_or_concept
biologically_active_substance	disrupts	tissue
nucleic_acid_nucleoside_or_nucleotide	causes	disease_or_syndrome
research_device	causes	cell_or_molecular_dysfunction
experimental_model_of_disease	result_of	genetic_function
laboratory_procedure	measures	cell_or_molecular_dysfunction
laboratory_procedure	associated_with	mental_or_behavioral_dysfunction
cell_component	location_of	rickettsia_or_chlamydia
population_group	uses	classification
molecular_function	process_of	rickettsia_or_chlamydia
substance	isa	entity
disease_or_syndrome	manifestation_of	cell_or_molecular_dysfunction
neoplastic_process	affects	biologic_function
family_group	interacts_with	patient_or_disabled_group
organ_or_tissue_function	process_of	pathologic_function
disease_or_syndrome	occurs_in	population_group
genetic_function	produces	cell_component
mental_process	affects	fungus
pathologic_function	result_of	therapeutic_or_preventive_procedure
injury_or_poisoning	disrupts	genetic_function
congenital_abnormality	affects	cell_function
professional_or_occupational_group	performs	occupational_activity
molecular_biology_research_technique	associated_with	experimental_model_of_disease
virus	interacts_with	animal
disease_or_syndrome	manifestation_of	genetic_function
diagnostic_procedure	analyzes	body_substance
mental_or_behavioral_dysfunction	affects	virus
diagnostic_procedure	measures	chemical_viewed_structurally
professional_society	carries_out	molecular_biology_research_technique
organization	isa	entity
disease_or_syndrome	produces	enzyme
family_group	uses	regulation_or_law
mental_or_behavioral_dysfunction	affects	cell_function
cell_or_molecular_dysfunction	process_of	virus
spatial_concept	result_of	mental_process
self_help_or_relief_organization	location_of	laboratory_procedure
mental_or_behavioral_dysfunction	produces	hormone
congenital_abnormality	isa	physical_object
laboratory_or_test_result	evaluation_of	neoplastic_process
genetic_function	affects	reptile
cell	location_of	diagnostic_procedure
organic_chemical	interacts_with	amino_acid_peptide_or_protein
mental_process	produces	body_substance
research_device	isa	physical_object
mental_process	affects	pathologic_function
cell_function	result_of	pathologic_function
medical_device	isa	physical_object
antibiotic	disrupts	body_part_organ_or_organ_component
phenomenon_or_process	result_of	anatomical_abnormality
chemical	affects	physiologic_function
anatomical_abnormality	associated_with	clinical_attribute
chemical	affects	biologic_function
pathologic_function	affects	mental_or_behavioral_dysfunction
neoplastic_process	result_of	human_caused_phenomenon_or_process
quantitative_concept	measurement_of	organism_function
manufactured_object	isa	entity
therapeutic_or_preventive_procedure	prevents	pathologic_function
eicosanoid	affects	genetic_function
molecular_biology_research_technique	associated_with	anatomical_abnormality
mental_or_behavioral_dysfunction	affects	fungus
age_group	produces	clinical_drug
antibiotic	disrupts	fully_formed_anatomical_structure
food	affects	cell_or_molecular_dysfunction
age_group	performs	behavior
molecular_function	produces	immunologic_factor
steroid	interacts_with	indicator_reagent_or_diagnostic_aid
molecular_biology_research_technique	measures	cell_function
congenital_abnormality	manifestation_of	neoplastic_process
diagnostic_procedure	measures	vitamin
biologic_function	affects	alga
mental_or_behavioral_dysfunction	result_of	cell_or_molecular_dysfunction
mental_or_behavioral_dysfunction	affects	rickettsia_or_chlamydia
pharmacologic_substance	interacts_with	biomedical_or_dental_material
cell_or_molecular_dysfunction	affects	reptile
organism_function	affects	reptile
cell_or_molecular_dysfunction	precedes	disease_or_syndrome
immunologic_factor	disrupts	cell_component
enzyme	isa	chemical_viewed_functionally
phenomenon_or_process	issue_in	biomedical_occupation_or_discipline
experimental_model_of_disease	process_of	invertebrate
regulation_or_law	affects	professional_or_occupational_group
therapeutic_or_preventive_procedure	complicates	genetic_function
laboratory_procedure	assesses_effect_of	organ_or_tissue_function
tissue	produces	receptor
cell_component	location_of	physiologic_function
organism_function	affects	bacterium
injury_or_poisoning	complicates	cell_or_molecular_dysfunction
biologic_function	affects	vertebrate
immunologic_factor	affects	organ_or_tissue_function
molecular_biology_research_technique	associated_with	cell_or_molecular_dysfunction
anatomical_abnormality	result_of	organ_or_tissue_function
neoplastic_process	affects	virus
mental_or_behavioral_dysfunction	affects	fish
biologic_function	result_of	environmental_effect_of_humans
manufactured_object	isa	physical_object
disease_or_syndrome	manifestation_of	injury_or_poisoning
lipid	interacts_with	hormone
body_location_or_region	location_of	molecular_function
hormone	affects	disease_or_syndrome
antibiotic	disrupts	tissue
biologically_active_substance	affects	natural_phenomenon_or_process
amino_acid_peptide_or_protein	interacts_with	vitamin
organ_or_tissue_function	issue_in	biomedical_occupation_or_discipline
experimental_model_of_disease	manifestation_of	disease_or_syndrome
hazardous_or_poisonous_substance	complicates	injury_or_poisoning
natural_phenomenon_or_process	process_of	organism_function
congenital_abnormality	result_of	therapeutic_or_preventive_procedure
acquired_abnormality	location_of	rickettsia_or_chlamydia
amino_acid_peptide_or_protein	interacts_with	element_ion_or_isotope
health_care_activity	affects	disease_or_syndrome
organism_attribute	result_of	molecular_function
spatial_concept	issue_in	biomedical_occupation_or_discipline
congenital_abnormality	result_of	laboratory_procedure
bird	exhibits	individual_behavior
antibiotic	prevents	mental_or_behavioral_dysfunction
age_group	issue_in	occupation_or_discipline
enzyme	causes	acquired_abnormality
occupational_activity	associated_with	congenital_abnormality
neoplastic_process	result_of	environmental_effect_of_humans
pathologic_function	occurs_in	patient_or_disabled_group
pathologic_function	affects	bird
therapeutic_or_preventive_procedure	affects	pathologic_function
rickettsia_or_chlamydia	causes	neoplastic_process
rickettsia_or_chlamydia	interacts_with	bird
chemical_viewed_structurally	affects	genetic_function
hormone	causes	congenital_abnormality
diagnostic_procedure	associated_with	mental_or_behavioral_dysfunction
hazardous_or_poisonous_substance	affects	cell_function
cell_component	part_of	virus
genetic_function	affects	mental_or_behavioral_dysfunction
cell_or_molecular_dysfunction	produces	enzyme
body_part_organ_or_organ_component	location_of	rickettsia_or_chlamydia
gene_or_genome	location_of	molecular_function
cell_or_molecular_dysfunction	degree_of	experimental_model_of_disease
receptor	disrupts	cell_function
amphibian	issue_in	occupation_or_discipline
laboratory_or_test_result	isa	finding
mental_or_behavioral_dysfunction	result_of	congenital_abnormality
intellectual_product	isa	conceptual_entity
embryonic_structure	location_of	biologic_function
laboratory_procedure	measures	physiologic_function
sign_or_symptom	evaluation_of	genetic_function
self_help_or_relief_organization	issue_in	occupation_or_discipline
diagnostic_procedure	affects	experimental_model_of_disease
disease_or_syndrome	issue_in	biomedical_occupation_or_discipline
organism_function	process_of	neoplastic_process
molecular_function	process_of	pathologic_function
organic_chemical	affects	mental_or_behavioral_dysfunction
cell_or_molecular_dysfunction	process_of	genetic_function
health_care_activity	affects	pathologic_function
food	causes	cell_or_molecular_dysfunction
natural_phenomenon_or_process	affects	cell_or_molecular_dysfunction
biologic_function	affects	rickettsia_or_chlamydia
chemical_viewed_structurally	affects	organism_function
population_group	produces	classification
immunologic_factor	complicates	neoplastic_process
steroid	interacts_with	immunologic_factor
tissue	location_of	bacterium
cell	location_of	rickettsia_or_chlamydia
fungus	causes	neoplastic_process
laboratory_procedure	measures	organism_function
pathologic_function	result_of	human_caused_phenomenon_or_process
lipid	interacts_with	element_ion_or_isotope
bacterium	location_of	enzyme
cell	produces	steroid
sign_or_symptom	diagnoses	acquired_abnormality
fully_formed_anatomical_structure	part_of	virus
immunologic_factor	affects	biologic_function
mental_process	process_of	experimental_model_of_disease
lipid	interacts_with	steroid
disease_or_syndrome	produces	biologically_active_substance
research_activity	method_of	occupation_or_discipline
experimental_model_of_disease	occurs_in	disease_or_syndrome
research_activity	measures	cell_or_molecular_dysfunction
genetic_function	affects	amphibian
experimental_model_of_disease	result_of	molecular_function
professional_or_occupational_group	interacts_with	family_group
professional_or_occupational_group	performs	individual_behavior
cell_component	part_of	mammal
occupational_activity	method_of	biomedical_occupation_or_discipline
gene_or_genome	produces	steroid
neoplastic_process	occurs_in	professional_or_occupational_group
biologic_function	produces	neuroreactive_substance_or_biogenic_amine
cell_or_molecular_dysfunction	issue_in	occupation_or_discipline
cell_component	part_of	bacterium
organ_or_tissue_function	result_of	pathologic_function
vertebrate	interacts_with	fish
qualitative_concept	issue_in	biomedical_occupation_or_discipline
chemical_viewed_functionally	isa	physical_object
neuroreactive_substance_or_biogenic_amine	complicates	organism_function
human	exhibits	behavior
drug_delivery_device	prevents	experimental_model_of_disease
biomedical_or_dental_material	isa	substance
amphibian	isa	organism
substance	isa	physical_object
cell_or_molecular_dysfunction	issue_in	biomedical_occupation_or_discipline
lipid	causes	pathologic_function
research_activity	associated_with	injury_or_poisoning
population_group	interacts_with	patient_or_disabled_group
hazardous_or_poisonous_substance	isa	chemical
language	isa	conceptual_entity
group_attribute	issue_in	occupation_or_discipline
disease_or_syndrome	isa	event
laboratory_or_test_result	associated_with	injury_or_poisoning
cell_function	issue_in	biomedical_occupation_or_discipline
pharmacologic_substance	causes	anatomical_abnormality
finding	associated_with	anatomical_abnormality
genetic_function	issue_in	biomedical_occupation_or_discipline
nucleic_acid_nucleoside_or_nucleotide	causes	congenital_abnormality
idea_or_concept	issue_in	biomedical_occupation_or_discipline
regulation_or_law	affects	health_care_related_organization
organism_function	process_of	fungus
rickettsia_or_chlamydia	causes	cell_or_molecular_dysfunction
diagnostic_procedure	assesses_effect_of	carbohydrate
group	performs	occupational_activity
neoplastic_process	affects	disease_or_syndrome
chemical_viewed_structurally	causes	mental_or_behavioral_dysfunction
molecular_function	process_of	animal
geographic_area	associated_with	congenital_abnormality
cell_or_molecular_dysfunction	result_of	therapeutic_or_preventive_procedure
rickettsia_or_chlamydia	issue_in	occupation_or_discipline
biomedical_or_dental_material	interacts_with	indicator_reagent_or_diagnostic_aid
physiologic_function	produces	vitamin
chemical_viewed_structurally	interacts_with	organophosphorus_compound
age_group	performs	educational_activity
anatomical_abnormality	associated_with	organism_attribute
indicator_reagent_or_diagnostic_aid	causes	disease_or_syndrome
drug_delivery_device	causes	mental_or_behavioral_dysfunction
immunologic_factor	issue_in	occupation_or_discipline
reptile	isa	entity
organophosphorus_compound	interacts_with	immunologic_factor
genetic_function	process_of	archaeon
hormone	affects	pathologic_function
environmental_effect_of_humans	result_of	biologic_function
occupation_or_discipline	issue_in	biomedical_occupation_or_discipline
quantitative_concept	measurement_of	geographic_area
acquired_abnormality	manifestation_of	molecular_function
physiologic_function	affects	mental_process
acquired_abnormality	affects	archaeon
quantitative_concept	measurement_of	genetic_function
family_group	produces	medical_device
steroid	affects	biologic_function
individual_behavior	isa	event
disease_or_syndrome	complicates	injury_or_poisoning
molecular_function	issue_in	biomedical_occupation_or_discipline
congenital_abnormality	result_of	mental_process
sign_or_symptom	manifestation_of	experimental_model_of_disease
laboratory_procedure	assesses_effect_of	chemical
gene_or_genome	isa	fully_formed_anatomical_structure
drug_delivery_device	prevents	neoplastic_process
laboratory_procedure	method_of	occupation_or_discipline
fungus	isa	organism
gene_or_genome	part_of	fungus
social_behavior	issue_in	biomedical_occupation_or_discipline
human_caused_phenomenon_or_process	result_of	mental_or_behavioral_dysfunction
organ_or_tissue_function	isa	physiologic_function
molecular_function	affects	organ_or_tissue_function
congenital_abnormality	result_of	natural_phenomenon_or_process
health_care_related_organization	location_of	occupational_activity
receptor	disrupts	body_part_organ_or_organ_component
pharmacologic_substance	treats	mental_or_behavioral_dysfunction
organism_function	result_of	disease_or_syndrome
disease_or_syndrome	associated_with	clinical_attribute
diagnostic_procedure	assesses_effect_of	nucleic_acid_nucleoside_or_nucleotide
research_device	causes	pathologic_function
biologically_active_substance	interacts_with	immunologic_factor
physiologic_function	process_of	neoplastic_process
neoplastic_process	complicates	acquired_abnormality
cell	part_of	fish
cell_or_molecular_dysfunction	co-occurs_with	acquired_abnormality
patient_or_disabled_group	performs	diagnostic_procedure
laboratory_or_test_result	manifestation_of	acquired_abnormality
gene_or_genome	produces	hormone
gene_or_genome	carries_out	molecular_function
enzyme	interacts_with	receptor
functional_concept	issue_in	occupation_or_discipline
pharmacologic_substance	prevents	cell_or_molecular_dysfunction
eicosanoid	affects	physiologic_function
substance	causes	experimental_model_of_disease
alga	isa	entity
quantitative_concept	measurement_of	cell_function
individual_behavior	associated_with	geographic_area
fungus	location_of	immunologic_factor
vertebrate	interacts_with	mammal
cell_or_molecular_dysfunction	manifestation_of	cell_function
biologic_function	produces	body_substance
patient_or_disabled_group	interacts_with	group
diagnostic_procedure	assesses_effect_of	steroid
alga	isa	plant
cell_or_molecular_dysfunction	process_of	alga
pharmacologic_substance	prevents	experimental_model_of_disease
quantitative_concept	measurement_of	molecular_function
element_ion_or_isotope	causes	experimental_model_of_disease
organ_or_tissue_function	affects	virus
neuroreactive_substance_or_biogenic_amine	affects	natural_phenomenon_or_process
organ_or_tissue_function	affects	mammal
environmental_effect_of_humans	issue_in	biomedical_occupation_or_discipline
enzyme	complicates	congenital_abnormality
laboratory_procedure	measures	mental_or_behavioral_dysfunction
cell	location_of	organism_function
neoplastic_process	produces	enzyme
mental_or_behavioral_dysfunction	affects	individual_behavior
disease_or_syndrome	produces	tissue
disease_or_syndrome	process_of	molecular_function
experimental_model_of_disease	occurs_in	injury_or_poisoning
hazardous_or_poisonous_substance	affects	neoplastic_process
embryonic_structure	developmental_form_of	cell
group	uses	manufactured_object
biologically_active_substance	complicates	organ_or_tissue_function
alga	location_of	immunologic_factor
laboratory_or_test_result	associated_with	neoplastic_process
congenital_abnormality	result_of	cell_function
laboratory_or_test_result	issue_in	biomedical_occupation_or_discipline
anatomical_abnormality	isa	physical_object
pathologic_function	affects	plant
pharmacologic_substance	affects	neoplastic_process
sign_or_symptom	evaluation_of	molecular_function
professional_society	carries_out	therapeutic_or_preventive_procedure
organism_function	process_of	alga
laboratory_procedure	assesses_effect_of	inorganic_chemical
steroid	affects	mental_or_behavioral_dysfunction
pharmacologic_substance	affects	disease_or_syndrome
enzyme	isa	chemical
embryonic_structure	location_of	organ_or_tissue_function
body_part_organ_or_organ_component	part_of	virus
research_device	causes	acquired_abnormality
cell_function	result_of	organism_function
drug_delivery_device	contains	clinical_drug
cell_component	affects	cell_function
cell_component	part_of	bird
vitamin	causes	acquired_abnormality
body_part_organ_or_organ_component	connected_to	tissue
body_space_or_junction	connected_to	tissue
experimental_model_of_disease	manifestation_of	pathologic_function
carbohydrate	interacts_with	chemical_viewed_functionally
body_system	result_of	mental_process
pharmacologic_substance	interacts_with	vitamin
anatomical_abnormality	part_of	bird
organophosphorus_compound	causes	mental_or_behavioral_dysfunction
pharmacologic_substance	complicates	genetic_function
element_ion_or_isotope	affects	neoplastic_process
human_caused_phenomenon_or_process	issue_in	biomedical_occupation_or_discipline
experimental_model_of_disease	process_of	neoplastic_process
immunologic_factor	affects	cell_function
cell_function	isa	phenomenon_or_process
anatomical_abnormality	result_of	congenital_abnormality
research_activity	measures	quantitative_concept
pharmacologic_substance	causes	disease_or_syndrome
pathologic_function	occurs_in	neoplastic_process
bacterium	causes	mental_or_behavioral_dysfunction
disease_or_syndrome	process_of	bacterium
laboratory_procedure	associated_with	neoplastic_process
patient_or_disabled_group	performs	health_care_activity
body_space_or_junction	location_of	therapeutic_or_preventive_procedure
receptor	causes	disease_or_syndrome
organism_attribute	manifestation_of	physiologic_function
organophosphorus_compound	interacts_with	hormone
steroid	affects	pathologic_function
virus	location_of	biologically_active_substance
pharmacologic_substance	interacts_with	biologically_active_substance
bird	isa	organism
fungus	interacts_with	rickettsia_or_chlamydia
organism_function	affects	vertebrate
cell_component	affects	mental_process
educational_activity	associated_with	disease_or_syndrome
cell	issue_in	occupation_or_discipline
cell_or_molecular_dysfunction	process_of	mammal
sign_or_symptom	diagnoses	congenital_abnormality
rickettsia_or_chlamydia	isa	organism
occupation_or_discipline	isa	entity
fungus	interacts_with	virus
experimental_model_of_disease	manifestation_of	neoplastic_process
nucleic_acid_nucleoside_or_nucleotide	interacts_with	hazardous_or_poisonous_substance
disease_or_syndrome	result_of	cell_function
hazardous_or_poisonous_substance	disrupts	gene_or_genome
mental_process	result_of	anatomical_abnormality
machine_activity	issue_in	occupation_or_discipline
laboratory_procedure	assesses_effect_of	neuroreactive_substance_or_biogenic_amine
antibiotic	diagnoses	neoplastic_process
therapeutic_or_preventive_procedure	affects	cell_or_molecular_dysfunction
enzyme	complicates	disease_or_syndrome
research_device	causes	congenital_abnormality
human	isa	vertebrate
group	produces	intellectual_product
biomedical_or_dental_material	affects	genetic_function
research_activity	measures	pathologic_function
qualitative_concept	evaluation_of	social_behavior
injury_or_poisoning	result_of	social_behavior
acquired_abnormality	part_of	invertebrate
genetic_function	produces	body_substance
professional_society	location_of	educational_activity
organic_chemical	affects	disease_or_syndrome
chemical_viewed_functionally	affects	mental_process
finding	manifestation_of	neoplastic_process
physiologic_function	result_of	acquired_abnormality
vitamin	complicates	biologic_function
laboratory_procedure	measures	biologically_active_substance
clinical_attribute	result_of	biologic_function
pathologic_function	affects	human
body_part_organ_or_organ_component	location_of	cell_or_molecular_dysfunction
eicosanoid	interacts_with	vitamin
physiologic_function	affects	vertebrate
therapeutic_or_preventive_procedure	treats	anatomical_abnormality
hazardous_or_poisonous_substance	disrupts	fully_formed_anatomical_structure
group	issue_in	biomedical_occupation_or_discipline
organ_or_tissue_function	result_of	organism_function
invertebrate	interacts_with	organism
cell_component	location_of	cell_or_molecular_dysfunction
embryonic_structure	location_of	pathologic_function
acquired_abnormality	manifestation_of	disease_or_syndrome
pharmacologic_substance	affects	natural_phenomenon_or_process
nucleic_acid_nucleoside_or_nucleotide	isa	chemical_viewed_structurally
diagnostic_procedure	isa	activity
geographic_area	isa	spatial_concept
biomedical_or_dental_material	causes	disease_or_syndrome
cell	conceptual_part_of	body_system
experimental_model_of_disease	process_of	organ_or_tissue_function
organism_function	produces	enzyme
pharmacologic_substance	complicates	organism_function
mental_or_behavioral_dysfunction	process_of	molecular_function
gene_or_genome	affects	mental_process
receptor	disrupts	tissue
finding	evaluation_of	mental_or_behavioral_dysfunction
phenomenon_or_process	result_of	mental_or_behavioral_dysfunction
organophosphorus_compound	causes	experimental_model_of_disease
fully_formed_anatomical_structure	produces	nucleic_acid_nucleoside_or_nucleotide
therapeutic_or_preventive_procedure	treats	acquired_abnormality
acquired_abnormality	result_of	behavior
natural_phenomenon_or_process	issue_in	biomedical_occupation_or_discipline
neuroreactive_substance_or_biogenic_amine	disrupts	organism_function
steroid	interacts_with	chemical_viewed_functionally
molecular_function	affects	physiologic_function
neoplastic_process	result_of	behavior
neoplastic_process	precedes	disease_or_syndrome
finding	evaluation_of	organism_function
cell_component	produces	carbohydrate
family_group	exhibits	individual_behavior
body_substance	causes	disease_or_syndrome
mental_or_behavioral_dysfunction	affects	mental_process
amino_acid_peptide_or_protein	interacts_with	steroid
daily_or_recreational_activity	associated_with	disease_or_syndrome
quantitative_concept	isa	conceptual_entity
clinical_attribute	property_of	organism
biologically_active_substance	complicates	genetic_function
anatomical_structure	part_of	human
body_location_or_region	location_of	body_part_organ_or_organ_component
experimental_model_of_disease	affects	molecular_function
diagnostic_procedure	analyzes	hormone
congenital_abnormality	manifestation_of	cell_function
fully_formed_anatomical_structure	part_of	animal
diagnostic_procedure	measures	physiologic_function
health_care_activity	affects	organ_or_tissue_function
organophosphorus_compound	isa	chemical
neuroreactive_substance_or_biogenic_amine	disrupts	tissue
mental_or_behavioral_dysfunction	co-occurs_with	acquired_abnormality
amphibian	interacts_with	reptile
organism_attribute	result_of	pathologic_function
antibiotic	prevents	neoplastic_process
injury_or_poisoning	disrupts	cell_component
sign_or_symptom	evaluation_of	organism_attribute
therapeutic_or_preventive_procedure	affects	molecular_function
hazardous_or_poisonous_substance	causes	acquired_abnormality
mammal	isa	vertebrate
experimental_model_of_disease	precedes	mental_or_behavioral_dysfunction
body_substance	isa	substance
cell_or_molecular_dysfunction	affects	rickettsia_or_chlamydia
qualitative_concept	evaluation_of	machine_activity
natural_phenomenon_or_process	result_of	organism_function
rickettsia_or_chlamydia	causes	disease_or_syndrome
cell	location_of	neoplastic_process
laboratory_procedure	measures	experimental_model_of_disease
family_group	exhibits	social_behavior
inorganic_chemical	causes	pathologic_function
organism_function	affects	biologic_function
tissue	part_of	invertebrate
hazardous_or_poisonous_substance	disrupts	tissue
cell_or_molecular_dysfunction	result_of	human_caused_phenomenon_or_process
research_activity	associated_with	acquired_abnormality
clinical_attribute	issue_in	occupation_or_discipline
clinical_drug	causes	pathologic_function
genetic_function	process_of	reptile
cell_or_molecular_dysfunction	complicates	pathologic_function
finding	associated_with	congenital_abnormality
virus	causes	neoplastic_process
sign_or_symptom	evaluation_of	mental_or_behavioral_dysfunction
classification	isa	entity
acquired_abnormality	affects	organism_function
biologically_active_substance	complicates	neoplastic_process
body_location_or_region	issue_in	biomedical_occupation_or_discipline
pharmacologic_substance	diagnoses	mental_or_behavioral_dysfunction
steroid	isa	chemical
laboratory_or_test_result	indicates	congenital_abnormality
disease_or_syndrome	result_of	diagnostic_procedure
biologic_function	isa	natural_phenomenon_or_process
antibiotic	treats	mental_or_behavioral_dysfunction
laboratory_or_test_result	measurement_of	organophosphorus_compound
congenital_abnormality	part_of	animal
neoplastic_process	result_of	genetic_function
pathologic_function	result_of	cell_or_molecular_dysfunction
professional_or_occupational_group	performs	daily_or_recreational_activity
organ_or_tissue_function	result_of	congenital_abnormality
physiologic_function	result_of	cell_function
organism_function	affects	pathologic_function
cell	part_of	plant
virus	issue_in	occupation_or_discipline
antibiotic	treats	pathologic_function
invertebrate	exhibits	individual_behavior
mental_or_behavioral_dysfunction	affects	organism_function
health_care_related_organization	issue_in	biomedical_occupation_or_discipline
element_ion_or_isotope	causes	injury_or_poisoning
pathologic_function	process_of	disease_or_syndrome
therapeutic_or_preventive_procedure	associated_with	cell_or_molecular_dysfunction
organophosphorus_compound	isa	physical_object
organization	carries_out	educational_activity
molecular_function	affects	pathologic_function
drug_delivery_device	treats	mental_or_behavioral_dysfunction
genetic_function	affects	invertebrate
immunologic_factor	issue_in	biomedical_occupation_or_discipline
diagnostic_procedure	affects	patient_or_disabled_group
anatomical_abnormality	part_of	invertebrate
gene_or_genome	location_of	acquired_abnormality
enzyme	complicates	organ_or_tissue_function
neoplastic_process	result_of	individual_behavior
organic_chemical	affects	cell_or_molecular_dysfunction
acquired_abnormality	manifestation_of	experimental_model_of_disease
tissue	location_of	cell_or_molecular_dysfunction
cell	location_of	biologic_function
health_care_activity	affects	biologic_function
cell_or_molecular_dysfunction	process_of	experimental_model_of_disease
amino_acid_peptide_or_protein	causes	anatomical_abnormality
therapeutic_or_preventive_procedure	complicates	organ_or_tissue_function
neoplastic_process	affects	human
individual_behavior	associated_with	age_group
phenomenon_or_process	result_of	physiologic_function
vitamin	isa	physical_object
biologically_active_substance	isa	entity
bacterium	interacts_with	bird
genetic_function	produces	enzyme
professional_or_occupational_group	diagnoses	neoplastic_process
cell_or_molecular_dysfunction	process_of	rickettsia_or_chlamydia
diagnostic_procedure	measures	immunologic_factor
embryonic_structure	part_of	mammal
plant	issue_in	biomedical_occupation_or_discipline
carbohydrate	causes	congenital_abnormality
fungus	interacts_with	vertebrate
genetic_function	process_of	amphibian
genetic_function	affects	experimental_model_of_disease
laboratory_procedure	analyzes	body_substance
cell_or_molecular_dysfunction	affects	experimental_model_of_disease
organic_chemical	interacts_with	immunologic_factor
immunologic_factor	causes	disease_or_syndrome
acquired_abnormality	part_of	fish
carbohydrate	interacts_with	lipid
chemical_viewed_functionally	affects	genetic_function
disease_or_syndrome	affects	molecular_function
experimental_model_of_disease	degree_of	cell_or_molecular_dysfunction
individual_behavior	associated_with	disease_or_syndrome
hormone	causes	injury_or_poisoning
laboratory_or_test_result	measurement_of	lipid
individual_behavior	associated_with	biomedical_occupation_or_discipline
organic_chemical	interacts_with	hazardous_or_poisonous_substance
vitamin	affects	mental_or_behavioral_dysfunction
cell_function	precedes	mental_process
enzyme	affects	genetic_function
biologically_active_substance	causes	anatomical_abnormality
diagnostic_procedure	analyzes	amino_acid_peptide_or_protein
carbohydrate	affects	natural_phenomenon_or_process
molecular_biology_research_technique	method_of	occupation_or_discipline
inorganic_chemical	issue_in	biomedical_occupation_or_discipline
laboratory_procedure	measures	natural_phenomenon_or_process
congenital_abnormality	location_of	mental_or_behavioral_dysfunction
organ_or_tissue_function	affects	organism
anatomical_abnormality	location_of	experimental_model_of_disease
patient_or_disabled_group	produces	clinical_drug
clinical_drug	causes	neoplastic_process
rickettsia_or_chlamydia	causes	mental_or_behavioral_dysfunction
biologically_active_substance	affects	neoplastic_process
organic_chemical	affects	organ_or_tissue_function
biologic_function	process_of	neoplastic_process
diagnostic_procedure	assesses_effect_of	pharmacologic_substance
organism_attribute	result_of	genetic_function
cell_component	part_of	fungus
laboratory_procedure	assesses_effect_of	pharmacologic_substance
disease_or_syndrome	manifestation_of	cell_function
bird	isa	animal
hazardous_or_poisonous_substance	disrupts	organism_function
injury_or_poisoning	occurs_in	group
molecular_biology_research_technique	measures	pathologic_function
disease_or_syndrome	affects	experimental_model_of_disease
congenital_abnormality	affects	mammal
age_group	uses	research_device
fully_formed_anatomical_structure	location_of	cell_function
health_care_activity	affects	experimental_model_of_disease
indicator_reagent_or_diagnostic_aid	affects	mental_process
educational_activity	associated_with	mental_or_behavioral_dysfunction
receptor	complicates	injury_or_poisoning
cell_function	process_of	natural_phenomenon_or_process
eicosanoid	causes	disease_or_syndrome
qualitative_concept	result_of	mental_process
pathologic_function	affects	organ_or_tissue_function
hazardous_or_poisonous_substance	affects	physiologic_function
diagnostic_procedure	precedes	therapeutic_or_preventive_procedure
cell_or_molecular_dysfunction	result_of	experimental_model_of_disease
injury_or_poisoning	result_of	molecular_function
congenital_abnormality	location_of	cell_or_molecular_dysfunction
enzyme	affects	physiologic_function
embryonic_structure	part_of	plant
diagnostic_procedure	measures	organophosphorus_compound
neoplastic_process	affects	mammal
mental_or_behavioral_dysfunction	process_of	natural_phenomenon_or_process
health_care_related_organization	produces	regulation_or_law
finding	manifestation_of	congenital_abnormality
physiologic_function	process_of	organ_or_tissue_function
biologic_function	process_of	genetic_function
pathologic_function	manifestation_of	mental_process
fully_formed_anatomical_structure	produces	neuroreactive_substance_or_biogenic_amine
physiologic_function	process_of	mental_or_behavioral_dysfunction
manufactured_object	causes	experimental_model_of_disease
experimental_model_of_disease	process_of	plant
mental_or_behavioral_dysfunction	produces	biologically_active_substance
immunologic_factor	disrupts	organism_function
gene_or_genome	location_of	neoplastic_process
experimental_model_of_disease	affects	fungus
laboratory_procedure	issue_in	occupation_or_discipline
laboratory_procedure	measures	immunologic_factor
biologically_active_substance	affects	experimental_model_of_disease
bird	interacts_with	human
laboratory_procedure	assesses_effect_of	cell_or_molecular_dysfunction
receptor	disrupts	organ_or_tissue_function
anatomical_structure	part_of	invertebrate
diagnostic_procedure	measures	element_ion_or_isotope
laboratory_procedure	measures	vitamin
lipid	issue_in	biomedical_occupation_or_discipline
organism_attribute	measurement_of	organism_function
injury_or_poisoning	disrupts	cell
animal	interacts_with	invertebrate
social_behavior	associated_with	organism_attribute
individual_behavior	process_of	social_behavior
hormone	affects	natural_phenomenon_or_process
tissue	location_of	rickettsia_or_chlamydia
tissue	location_of	congenital_abnormality
gene_or_genome	affects	cell_function
antibiotic	causes	congenital_abnormality
research_activity	associated_with	neoplastic_process
cell_or_molecular_dysfunction	isa	phenomenon_or_process
element_ion_or_isotope	interacts_with	chemical
cell_component	location_of	neoplastic_process
organization	location_of	molecular_biology_research_technique
neoplastic_process	affects	plant
organ_or_tissue_function	process_of	genetic_function
organic_chemical	interacts_with	organophosphorus_compound
acquired_abnormality	part_of	fungus
experimental_model_of_disease	precedes	disease_or_syndrome
receptor	complicates	neoplastic_process
amino_acid_peptide_or_protein	affects	molecular_function
receptor	affects	cell_or_molecular_dysfunction
molecular_function	produces	vitamin
cell_component	part_of	invertebrate
biologic_function	process_of	fish
genetic_function	process_of	fish
virus	isa	physical_object
body_space_or_junction	interconnects	cell
biologically_active_substance	complicates	organism_function
receptor	disrupts	gene_or_genome
organic_chemical	causes	anatomical_abnormality
vertebrate	interacts_with	organism
immunologic_factor	interacts_with	receptor
receptor	issue_in	biomedical_occupation_or_discipline
vitamin	disrupts	mental_process
laboratory_procedure	affects	mental_or_behavioral_dysfunction
diagnostic_procedure	associated_with	experimental_model_of_disease
mental_process	isa	natural_phenomenon_or_process
organism_function	affects	fish
laboratory_procedure	associated_with	disease_or_syndrome
organism_attribute	result_of	injury_or_poisoning
cell_or_molecular_dysfunction	degree_of	pathologic_function
neoplastic_process	co-occurs_with	acquired_abnormality
clinical_attribute	result_of	molecular_function
mental_or_behavioral_dysfunction	manifestation_of	cell_or_molecular_dysfunction
molecular_biology_research_technique	measures	antibiotic
anatomical_abnormality	affects	fish
element_ion_or_isotope	affects	mental_process
substance	causes	pathologic_function
molecular_biology_research_technique	measures	organ_or_tissue_function
tissue	produces	eicosanoid
molecular_sequence	isa	spatial_concept
individual_behavior	associated_with	congenital_abnormality
tissue	surrounds	cell
hormone	interacts_with	hazardous_or_poisonous_substance
pharmacologic_substance	causes	experimental_model_of_disease
body_part_organ_or_organ_component	surrounds	tissue
neoplastic_process	produces	hormone
disease_or_syndrome	affects	mammal
pathologic_function	manifestation_of	experimental_model_of_disease
congenital_abnormality	affects	organism
immunologic_factor	disrupts	cell_function
biologic_function	affects	archaeon
congenital_abnormality	result_of	biologic_function
finding	evaluation_of	biologic_function
pathologic_function	complicates	anatomical_abnormality
cell_or_molecular_dysfunction	precedes	neoplastic_process
diagnostic_procedure	measures	neuroreactive_substance_or_biogenic_amine
biologic_function	result_of	phenomenon_or_process
population_group	performs	educational_activity
clinical_attribute	result_of	physiologic_function
immunologic_factor	affects	experimental_model_of_disease
receptor	complicates	molecular_function
eicosanoid	interacts_with	neuroreactive_substance_or_biogenic_amine
organism_attribute	property_of	bacterium
chemical_viewed_functionally	interacts_with	chemical
patient_or_disabled_group	uses	regulation_or_law
cell_component	location_of	molecular_function
entity	issue_in	biomedical_occupation_or_discipline
human_caused_phenomenon_or_process	result_of	organ_or_tissue_function
pathologic_function	produces	vitamin
sign_or_symptom	associated_with	experimental_model_of_disease
neoplastic_process	process_of	biologic_function
laboratory_procedure	analyzes	nucleic_acid_nucleoside_or_nucleotide
congenital_abnormality	isa	anatomical_abnormality
biologically_active_substance	interacts_with	indicator_reagent_or_diagnostic_aid
lipid	interacts_with	indicator_reagent_or_diagnostic_aid
lipid	affects	disease_or_syndrome
organ_or_tissue_function	process_of	cell_function
pathologic_function	result_of	laboratory_procedure
natural_phenomenon_or_process	process_of	molecular_function
neuroreactive_substance_or_biogenic_amine	complicates	disease_or_syndrome
biologically_active_substance	disrupts	mental_process
rickettsia_or_chlamydia	interacts_with	mammal
tissue	produces	carbohydrate
clinical_attribute	result_of	injury_or_poisoning
fungus	location_of	vitamin
family_group	uses	clinical_drug
antibiotic	causes	injury_or_poisoning
clinical_drug	isa	physical_object
organophosphorus_compound	isa	chemical_viewed_structurally
cell_function	produces	receptor
body_part_organ_or_organ_component	location_of	therapeutic_or_preventive_procedure
mental_or_behavioral_dysfunction	isa	pathologic_function
immunologic_factor	disrupts	tissue
organism_function	process_of	mental_or_behavioral_dysfunction
alga	interacts_with	animal
natural_phenomenon_or_process	process_of	genetic_function
pharmacologic_substance	disrupts	organ_or_tissue_function
molecular_biology_research_technique	uses	research_device
cell_or_molecular_dysfunction	process_of	invertebrate
fully_formed_anatomical_structure	part_of	organism
natural_phenomenon_or_process	process_of	pathologic_function
biologic_function	isa	phenomenon_or_process
body_location_or_region	location_of	acquired_abnormality
organism_attribute	result_of	mental_process
neoplastic_process	occurs_in	population_group
body_space_or_junction	location_of	diagnostic_procedure
neoplastic_process	associated_with	pathologic_function
pharmacologic_substance	prevents	pathologic_function
manufactured_object	causes	anatomical_abnormality
drug_delivery_device	causes	disease_or_syndrome
family_group	performs	health_care_activity
experimental_model_of_disease	isa	natural_phenomenon_or_process
mental_or_behavioral_dysfunction	co-occurs_with	pathologic_function
population_group	associated_with	acquired_abnormality
biomedical_or_dental_material	interacts_with	biologically_active_substance
organ_or_tissue_function	process_of	organism
group	uses	intellectual_product
clinical_attribute	result_of	natural_phenomenon_or_process
hazardous_or_poisonous_substance	causes	injury_or_poisoning
diagnostic_procedure	method_of	biomedical_occupation_or_discipline
acquired_abnormality	affects	plant
antibiotic	interacts_with	indicator_reagent_or_diagnostic_aid
biologically_active_substance	complicates	disease_or_syndrome
cell_component	part_of	reptile
body_space_or_junction	location_of	disease_or_syndrome
finding	issue_in	biomedical_occupation_or_discipline
diagnostic_procedure	measures	nucleic_acid_nucleoside_or_nucleotide
anatomical_structure	isa	physical_object
organism_function	process_of	vertebrate
vitamin	complicates	neoplastic_process
pathologic_function	result_of	mental_process
disease_or_syndrome	affects	pathologic_function
laboratory_or_test_result	indicates	experimental_model_of_disease
lipid	affects	physiologic_function
gene_or_genome	part_of	invertebrate
clinical_attribute	property_of	fish
body_space_or_junction	location_of	cell_component
congenital_abnormality	part_of	fungus
tissue	location_of	cell_function
hormone	isa	substance
hazardous_or_poisonous_substance	affects	mental_process
behavior	associated_with	family_group
organic_chemical	interacts_with	vitamin
bacterium	interacts_with	amphibian
amino_acid_peptide_or_protein	isa	organic_chemical
antibiotic	complicates	injury_or_poisoning
steroid	interacts_with	element_ion_or_isotope
nucleic_acid_nucleoside_or_nucleotide	affects	cell_or_molecular_dysfunction
organic_chemical	causes	mental_or_behavioral_dysfunction
element_ion_or_isotope	interacts_with	biologically_active_substance
behavior	issue_in	occupation_or_discipline
molecular_function	process_of	organism
fully_formed_anatomical_structure	produces	lipid
genetic_function	process_of	experimental_model_of_disease
laboratory_procedure	measures	hormone
immunologic_factor	affects	genetic_function
cell	part_of	organism
molecular_function	affects	experimental_model_of_disease
disease_or_syndrome	degree_of	pathologic_function
neuroreactive_substance_or_biogenic_amine	causes	neoplastic_process
medical_device	causes	experimental_model_of_disease
receptor	disrupts	mental_process
pathologic_function	produces	neuroreactive_substance_or_biogenic_amine
amphibian	interacts_with	mammal
professional_or_occupational_group	issue_in	occupation_or_discipline
individual_behavior	associated_with	clinical_attribute
enzyme	affects	neoplastic_process
pathologic_function	process_of	cell_function
receptor	interacts_with	chemical
organ_or_tissue_function	affects	fish
sign_or_symptom	manifestation_of	congenital_abnormality
research_activity	isa	event
cell_component	produces	biologically_active_substance
organ_or_tissue_function	isa	phenomenon_or_process
laboratory_or_test_result	evaluation_of	cell_or_molecular_dysfunction
group	produces	drug_delivery_device
disease_or_syndrome	process_of	reptile
experimental_model_of_disease	result_of	cell_function
behavior	isa	event
bacterium	causes	neoplastic_process
diagnostic_procedure	assesses_effect_of	neuroreactive_substance_or_biogenic_amine
laboratory_or_test_result	associated_with	mental_or_behavioral_dysfunction
drug_delivery_device	prevents	injury_or_poisoning
biologically_active_substance	complicates	experimental_model_of_disease
diagnostic_procedure	measures	quantitative_concept
organism_function	affects	organism_attribute
organ_or_tissue_function	produces	biologically_active_substance
neoplastic_process	result_of	physiologic_function
hazardous_or_poisonous_substance	complicates	disease_or_syndrome
population_group	uses	intellectual_product
amino_acid_peptide_or_protein	issue_in	biomedical_occupation_or_discipline
neoplastic_process	degree_of	experimental_model_of_disease
enzyme	complicates	biologic_function
immunologic_factor	complicates	experimental_model_of_disease
genetic_function	affects	rickettsia_or_chlamydia
body_system	isa	idea_or_concept
mental_or_behavioral_dysfunction	process_of	amphibian
disease_or_syndrome	process_of	plant
laboratory_or_test_result	measurement_of	hazardous_or_poisonous_substance
phenomenon_or_process	result_of	neoplastic_process
mental_or_behavioral_dysfunction	affects	neoplastic_process
food	affects	neoplastic_process
disease_or_syndrome	affects	organism
biologically_active_substance	affects	cell_function
plant	location_of	hormone
experimental_model_of_disease	affects	animal
molecular_function	affects	bacterium
sign_or_symptom	associated_with	anatomical_abnormality
congenital_abnormality	manifestation_of	molecular_function
indicator_reagent_or_diagnostic_aid	causes	experimental_model_of_disease
steroid	causes	injury_or_poisoning
hazardous_or_poisonous_substance	complicates	organism_function
age_group	uses	intellectual_product
environmental_effect_of_humans	result_of	pathologic_function
laboratory_or_test_result	measurement_of	carbohydrate
disease_or_syndrome	occurs_in	injury_or_poisoning
physiologic_function	result_of	disease_or_syndrome
educational_activity	associated_with	cell_or_molecular_dysfunction
virus	interacts_with	human
antibiotic	disrupts	embryonic_structure
element_ion_or_isotope	affects	mental_or_behavioral_dysfunction
antibiotic	isa	substance
nucleic_acid_nucleoside_or_nucleotide	affects	organism_function
neoplastic_process	co-occurs_with	experimental_model_of_disease
carbohydrate	ingredient_of	clinical_drug
mental_or_behavioral_dysfunction	result_of	mental_process
individual_behavior	issue_in	biomedical_occupation_or_discipline
animal	issue_in	biomedical_occupation_or_discipline
self_help_or_relief_organization	location_of	educational_activity
organization	location_of	governmental_or_regulatory_activity
cell_function	produces	enzyme
pharmacologic_substance	disrupts	body_part_organ_or_organ_component
research_activity	associated_with	anatomical_abnormality
body_part_organ_or_organ_component	issue_in	occupation_or_discipline
research_activity	measures	disease_or_syndrome
pathologic_function	result_of	organ_or_tissue_function
cell	part_of	mammal
natural_phenomenon_or_process	affects	mental_or_behavioral_dysfunction
food	causes	congenital_abnormality
anatomical_abnormality	part_of	amphibian
research_activity	measures	inorganic_chemical
immunologic_factor	complicates	cell_function
tissue	part_of	fish
genetic_function	result_of	physiologic_function
human	exhibits	individual_behavior
anatomical_abnormality	location_of	fungus
laboratory_or_test_result	evaluation_of	disease_or_syndrome
self_help_or_relief_organization	carries_out	laboratory_procedure
functional_concept	issue_in	biomedical_occupation_or_discipline
biomedical_or_dental_material	issue_in	biomedical_occupation_or_discipline
individual_behavior	associated_with	experimental_model_of_disease
immunologic_factor	affects	cell_or_molecular_dysfunction
food	causes	mental_or_behavioral_dysfunction
amino_acid_peptide_or_protein	causes	acquired_abnormality
biologically_active_substance	associated_with	virus
antibiotic	complicates	molecular_function
clinical_attribute	property_of	human
organ_or_tissue_function	affects	vertebrate
amphibian	isa	animal
molecular_function	process_of	reptile
element_ion_or_isotope	causes	pathologic_function
hormone	complicates	disease_or_syndrome
acquired_abnormality	manifestation_of	cell_or_molecular_dysfunction
experimental_model_of_disease	isa	pathologic_function
biologically_active_substance	complicates	injury_or_poisoning
phenomenon_or_process	issue_in	occupation_or_discipline
lipid	interacts_with	chemical_viewed_functionally
inorganic_chemical	interacts_with	antibiotic
tissue	surrounds	cell_component
cell_component	location_of	fungus
individual_behavior	affects	mental_process
congenital_abnormality	occurs_in	family_group
tissue	location_of	physiologic_function
pathologic_function	co-occurs_with	congenital_abnormality
body_space_or_junction	location_of	genetic_function
governmental_or_regulatory_activity	isa	event
genetic_function	result_of	cell_function
receptor	causes	congenital_abnormality
laboratory_or_test_result	evaluation_of	biologic_function
pathologic_function	complicates	mental_or_behavioral_dysfunction
acquired_abnormality	affects	invertebrate
anatomical_abnormality	manifestation_of	mental_or_behavioral_dysfunction
molecular_biology_research_technique	measures	nucleic_acid_nucleoside_or_nucleotide
bird	isa	entity
laboratory_procedure	diagnoses	anatomical_abnormality
anatomical_abnormality	result_of	genetic_function
cell	location_of	virus
mental_or_behavioral_dysfunction	affects	alga
vitamin	complicates	disease_or_syndrome
molecular_biology_research_technique	isa	research_activity
element_ion_or_isotope	isa	chemical_viewed_structurally
natural_phenomenon_or_process	affects	physiologic_function
health_care_activity	method_of	biomedical_occupation_or_discipline
diagnostic_procedure	analyzes	chemical_viewed_functionally
diagnostic_procedure	measures	clinical_attribute
element_ion_or_isotope	causes	mental_or_behavioral_dysfunction
professional_or_occupational_group	diagnoses	disease_or_syndrome
cell_function	produces	biologically_active_substance
cell_or_molecular_dysfunction	complicates	experimental_model_of_disease
cell_component	part_of	amphibian
animal	interacts_with	archaeon
organism_function	result_of	anatomical_abnormality
population_group	produces	drug_delivery_device
anatomical_abnormality	part_of	organism
pharmacologic_substance	isa	physical_object
organophosphorus_compound	affects	genetic_function
hormone	affects	cell_or_molecular_dysfunction
environmental_effect_of_humans	result_of	molecular_function
pharmacologic_substance	complicates	anatomical_abnormality
acquired_abnormality	part_of	virus
natural_phenomenon_or_process	process_of	physiologic_function
biomedical_or_dental_material	affects	cell_function
mental_process	result_of	environmental_effect_of_humans
biologically_active_substance	complicates	anatomical_abnormality
gene_or_genome	location_of	disease_or_syndrome
behavior	associated_with	organism_attribute
neoplastic_process	manifestation_of	genetic_function
cell_component	part_of	cell
body_part_organ_or_organ_component	part_of	vertebrate
sign_or_symptom	manifestation_of	injury_or_poisoning
organic_chemical	interacts_with	lipid
receptor	disrupts	fully_formed_anatomical_structure
therapeutic_or_preventive_procedure	treats	congenital_abnormality
bird	isa	vertebrate
biologic_function	process_of	amphibian
neoplastic_process	issue_in	occupation_or_discipline
body_location_or_region	isa	spatial_concept
hazardous_or_poisonous_substance	affects	genetic_function
enzyme	causes	cell_or_molecular_dysfunction
plant	location_of	immunologic_factor
physiologic_function	result_of	biologic_function
experimental_model_of_disease	occurs_in	professional_or_occupational_group
biologically_active_substance	causes	pathologic_function
enzyme	isa	physical_object
chemical	isa	entity
cell_component	produces	enzyme
mental_or_behavioral_dysfunction	precedes	neoplastic_process
congenital_abnormality	result_of	molecular_function
molecular_function	affects	organism_attribute
organic_chemical	causes	neoplastic_process
population_group	exhibits	individual_behavior
cell_or_molecular_dysfunction	manifestation_of	physiologic_function
finding	evaluation_of	pathologic_function
fully_formed_anatomical_structure	location_of	neoplastic_process
biomedical_or_dental_material	affects	pathologic_function
organism_function	affects	mammal
indicator_reagent_or_diagnostic_aid	affects	mental_or_behavioral_dysfunction
patient_or_disabled_group	performs	daily_or_recreational_activity
neoplastic_process	manifestation_of	mental_or_behavioral_dysfunction
congenital_abnormality	part_of	vertebrate
mental_process	isa	phenomenon_or_process
pharmacologic_substance	isa	entity
patient_or_disabled_group	uses	drug_delivery_device
professional_or_occupational_group	uses	clinical_drug
biomedical_or_dental_material	interacts_with	receptor
amino_acid_peptide_or_protein	causes	experimental_model_of_disease
virus	location_of	enzyme
mental_or_behavioral_dysfunction	process_of	human
disease_or_syndrome	occurs_in	age_group
injury_or_poisoning	isa	event
educational_activity	issue_in	biomedical_occupation_or_discipline
laboratory_procedure	measures	lipid
enzyme	affects	cell_function
organ_or_tissue_function	process_of	archaeon
natural_phenomenon_or_process	process_of	experimental_model_of_disease
age_group	performs	activity
group	performs	educational_activity
chemical_viewed_structurally	interacts_with	chemical
organ_or_tissue_function	isa	event
body_system	issue_in	occupation_or_discipline
social_behavior	associated_with	biomedical_occupation_or_discipline
vertebrate	interacts_with	archaeon
biologic_function	affects	human
body_part_organ_or_organ_component	connected_to	body_space_or_junction
experimental_model_of_disease	process_of	genetic_function
fully_formed_anatomical_structure	part_of	vertebrate
hormone	complicates	experimental_model_of_disease
cell_function	occurs_in	temporal_concept
quantitative_concept	measurement_of	amino_acid_sequence
experimental_model_of_disease	co-occurs_with	congenital_abnormality
anatomical_abnormality	affects	organ_or_tissue_function
anatomical_structure	part_of	virus
injury_or_poisoning	result_of	pathologic_function
health_care_activity	associated_with	congenital_abnormality
experimental_model_of_disease	process_of	mental_process
receptor	complicates	anatomical_abnormality
sign_or_symptom	manifestation_of	cell_or_molecular_dysfunction
anatomical_abnormality	result_of	phenomenon_or_process
molecular_biology_research_technique	affects	mental_process
pathologic_function	process_of	organism_function
chemical	isa	physical_object
self_help_or_relief_organization	location_of	research_activity
idea_or_concept	conceptual_part_of	behavior
research_activity	measures	carbohydrate
indicator_reagent_or_diagnostic_aid	isa	entity
receptor	disrupts	physiologic_function
anatomical_abnormality	affects	mammal
embryonic_structure	part_of	animal
mental_or_behavioral_dysfunction	result_of	anatomical_abnormality
cell_component	produces	lipid
neoplastic_process	affects	mental_or_behavioral_dysfunction
biologic_function	result_of	molecular_function
pathologic_function	result_of	cell_function
tissue	location_of	organ_or_tissue_function
mental_process	affects	individual_behavior
anatomical_structure	part_of	fish
fully_formed_anatomical_structure	part_of	reptile
cell_function	affects	molecular_function
neuroreactive_substance_or_biogenic_amine	disrupts	fully_formed_anatomical_structure
lipid	isa	physical_object
fully_formed_anatomical_structure	location_of	congenital_abnormality
element_ion_or_isotope	affects	organism_function
disease_or_syndrome	process_of	organ_or_tissue_function
receptor	isa	chemical
embryonic_structure	part_of	human
organism_attribute	result_of	mental_or_behavioral_dysfunction
fully_formed_anatomical_structure	produces	eicosanoid
biomedical_or_dental_material	affects	physiologic_function
vitamin	complicates	mental_or_behavioral_dysfunction
physiologic_function	result_of	cell_or_molecular_dysfunction
experimental_model_of_disease	occurs_in	population_group
invertebrate	interacts_with	vertebrate
body_part_organ_or_organ_component	part_of	human
cell_or_molecular_dysfunction	complicates	injury_or_poisoning
food	causes	anatomical_abnormality
physiologic_function	affects	virus
professional_or_occupational_group	diagnoses	pathologic_function
invertebrate	interacts_with	amphibian
biologic_function	process_of	animal
steroid	interacts_with	chemical
mental_or_behavioral_dysfunction	process_of	pathologic_function
physiologic_function	process_of	fish
molecular_function	result_of	injury_or_poisoning
vitamin	disrupts	cell_component
pharmacologic_substance	treats	cell_or_molecular_dysfunction
clinical_attribute	result_of	organism_function
steroid	isa	entity
element_ion_or_isotope	interacts_with	immunologic_factor
medical_device	causes	congenital_abnormality
laboratory_or_test_result	manifestation_of	injury_or_poisoning
mental_process	result_of	organism_function
therapeutic_or_preventive_procedure	prevents	disease_or_syndrome
organism_attribute	manifestation_of	organism_function
biomedical_or_dental_material	interacts_with	hazardous_or_poisonous_substance
mental_process	result_of	human_caused_phenomenon_or_process
body_part_organ_or_organ_component	produces	nucleic_acid_nucleoside_or_nucleotide
enzyme	complicates	anatomical_abnormality
food	affects	disease_or_syndrome
population_group	associated_with	cell_or_molecular_dysfunction
research_activity	measures	genetic_function
self_help_or_relief_organization	produces	intellectual_product
chemical_viewed_functionally	ingredient_of	clinical_drug
neuroreactive_substance_or_biogenic_amine	complicates	anatomical_abnormality
organ_or_tissue_function	occurs_in	temporal_concept
mammal	issue_in	biomedical_occupation_or_discipline
biologically_active_substance	disrupts	cell
body_part_organ_or_organ_component	part_of	alga
social_behavior	associated_with	age_group
cell	isa	anatomical_structure
organism_function	process_of	physiologic_function
genetic_function	process_of	disease_or_syndrome
hazardous_or_poisonous_substance	complicates	cell_or_molecular_dysfunction
pharmacologic_substance	disrupts	physiologic_function
experimental_model_of_disease	affects	alga
molecular_function	affects	biologic_function
archaeon	issue_in	biomedical_occupation_or_discipline
congenital_abnormality	result_of	diagnostic_procedure
immunologic_factor	isa	chemical
body_substance	causes	mental_or_behavioral_dysfunction
inorganic_chemical	affects	molecular_function
immunologic_factor	complicates	anatomical_abnormality
body_location_or_region	location_of	anatomical_abnormality
antibiotic	complicates	congenital_abnormality
vitamin	isa	chemical
reptile	isa	organism
virus	interacts_with	mammal
research_activity	measures	neoplastic_process
pathologic_function	affects	invertebrate
health_care_activity	affects	organism_function
diagnostic_procedure	analyzes	biologically_active_substance
receptor	complicates	experimental_model_of_disease
clinical_drug	issue_in	biomedical_occupation_or_discipline
antibiotic	complicates	physiologic_function
amino_acid_peptide_or_protein	causes	congenital_abnormality
biologically_active_substance	interacts_with	vitamin
mental_or_behavioral_dysfunction	co-occurs_with	congenital_abnormality
neoplastic_process	process_of	physiologic_function
biomedical_occupation_or_discipline	isa	entity
activity	issue_in	occupation_or_discipline
self_help_or_relief_organization	isa	entity
pathologic_function	occurs_in	professional_or_occupational_group
mammal	interacts_with	archaeon
diagnostic_procedure	uses	research_device
chemical_viewed_structurally	affects	mental_process
cell_or_molecular_dysfunction	affects	fungus
age_group	performs	laboratory_procedure
experimental_model_of_disease	affects	disease_or_syndrome
mental_process	result_of	genetic_function
neuroreactive_substance_or_biogenic_amine	issue_in	occupation_or_discipline
neoplastic_process	process_of	plant
experimental_model_of_disease	produces	neuroreactive_substance_or_biogenic_amine
population_group	performs	molecular_biology_research_technique
tissue	part_of	archaeon
antibiotic	complicates	disease_or_syndrome
laboratory_or_test_result	indicates	organism_function
genetic_function	process_of	bird
carbohydrate	causes	mental_or_behavioral_dysfunction
cell_function	process_of	alga
carbohydrate	interacts_with	element_ion_or_isotope
individual_behavior	associated_with	group
hormone	disrupts	mental_process
health_care_related_organization	issue_in	occupation_or_discipline
injury_or_poisoning	result_of	organ_or_tissue_function
organ_or_tissue_function	affects	clinical_attribute
bacterium	issue_in	occupation_or_discipline
mental_or_behavioral_dysfunction	complicates	experimental_model_of_disease
health_care_related_organization	produces	intellectual_product
genetic_function	isa	phenomenon_or_process
clinical_attribute	result_of	mental_process
cell_or_molecular_dysfunction	occurs_in	patient_or_disabled_group
genetic_function	result_of	mental_or_behavioral_dysfunction
nucleic_acid_nucleoside_or_nucleotide	interacts_with	pharmacologic_substance
organ_or_tissue_function	affects	reptile
animal	interacts_with	fish
carbohydrate_sequence	issue_in	biomedical_occupation_or_discipline
biomedical_or_dental_material	affects	organism_function
natural_phenomenon_or_process	process_of	mental_or_behavioral_dysfunction
fungus	interacts_with	mammal
research_activity	measures	chemical_viewed_functionally
cell_function	affects	bacterium
laboratory_or_test_result	measurement_of	biomedical_or_dental_material
research_activity	isa	activity
human_caused_phenomenon_or_process	issue_in	occupation_or_discipline
antibiotic	complicates	mental_or_behavioral_dysfunction
genetic_function	process_of	physiologic_function
cell_or_molecular_dysfunction	degree_of	mental_or_behavioral_dysfunction
environmental_effect_of_humans	result_of	cell_function
body_space_or_junction	location_of	pathologic_function
laboratory_or_test_result	indicates	cell_or_molecular_dysfunction
acquired_abnormality	affects	vertebrate
geographic_area	issue_in	occupation_or_discipline
environmental_effect_of_humans	isa	human_caused_phenomenon_or_process
health_care_related_organization	carries_out	diagnostic_procedure
cell_function	process_of	amphibian
physiologic_function	result_of	molecular_function
biologic_function	result_of	cell_function
laboratory_procedure	measures	hazardous_or_poisonous_substance
steroid	affects	cell_or_molecular_dysfunction
indicator_reagent_or_diagnostic_aid	isa	chemical
biomedical_or_dental_material	causes	mental_or_behavioral_dysfunction
neoplastic_process	complicates	mental_or_behavioral_dysfunction
biologically_active_substance	disrupts	physiologic_function
genetic_function	result_of	natural_phenomenon_or_process
cell_component	produces	organophosphorus_compound
neoplastic_process	result_of	natural_phenomenon_or_process
organic_chemical	causes	injury_or_poisoning
disease_or_syndrome	co-occurs_with	neoplastic_process
biologically_active_substance	causes	congenital_abnormality
organism_attribute	issue_in	occupation_or_discipline
patient_or_disabled_group	produces	manufactured_object
organism_attribute	property_of	archaeon
mental_or_behavioral_dysfunction	process_of	cell_function
diagnostic_procedure	analyzes	lipid
genetic_function	affects	natural_phenomenon_or_process
enzyme	ingredient_of	clinical_drug
biologic_function	produces	biologically_active_substance
cell_or_molecular_dysfunction	result_of	natural_phenomenon_or_process
regulation_or_law	issue_in	biomedical_occupation_or_discipline
body_substance	consists_of	amino_acid_peptide_or_protein
reptile	isa	physical_object
nucleic_acid_nucleoside_or_nucleotide	causes	anatomical_abnormality
bacterium	location_of	vitamin
mental_process	result_of	molecular_function
carbohydrate	affects	organ_or_tissue_function
patient_or_disabled_group	uses	medical_device
occupational_activity	issue_in	biomedical_occupation_or_discipline
lipid	affects	neoplastic_process
amino_acid_sequence	isa	spatial_concept
diagnostic_procedure	measures	chemical
cell_or_molecular_dysfunction	result_of	laboratory_procedure
receptor	affects	disease_or_syndrome
pathologic_function	occurs_in	family_group
pharmacologic_substance	complicates	mental_process
physiologic_function	affects	rickettsia_or_chlamydia
antibiotic	issue_in	biomedical_occupation_or_discipline
population_group	associated_with	neoplastic_process
plant	interacts_with	rickettsia_or_chlamydia
enzyme	complicates	cell_function
machine_activity	method_of	therapeutic_or_preventive_procedure
disease_or_syndrome	result_of	natural_phenomenon_or_process
cell_or_molecular_dysfunction	process_of	plant
antibiotic	interacts_with	hormone
neoplastic_process	complicates	disease_or_syndrome
nucleic_acid_nucleoside_or_nucleotide	interacts_with	lipid
laboratory_procedure	measures	chemical
eicosanoid	affects	cell_function
body_system	isa	conceptual_entity
chemical_viewed_structurally	interacts_with	vitamin
vitamin	affects	organ_or_tissue_function
organophosphorus_compound	affects	biologic_function
anatomical_structure	part_of	mammal
biologic_function	process_of	cell_function
medical_device	treats	sign_or_symptom
organic_chemical	interacts_with	inorganic_chemical
physiologic_function	affects	genetic_function
biologic_function	affects	experimental_model_of_disease
element_ion_or_isotope	causes	congenital_abnormality
cell_component	produces	steroid
geographic_area	associated_with	acquired_abnormality
anatomical_abnormality	manifestation_of	experimental_model_of_disease
pathologic_function	complicates	congenital_abnormality
organophosphorus_compound	interacts_with	lipid
organism_function	produces	immunologic_factor
cell_or_molecular_dysfunction	affects	plant
cell_component	produces	vitamin
health_care_related_organization	carries_out	governmental_or_regulatory_activity
experimental_model_of_disease	affects	cell_function
physiologic_function	affects	cell_function
molecular_function	affects	genetic_function
diagnostic_procedure	analyzes	eicosanoid
human	isa	physical_object
individual_behavior	associated_with	injury_or_poisoning
chemical_viewed_functionally	interacts_with	hormone
genetic_function	process_of	biologic_function
professional_or_occupational_group	manages	self_help_or_relief_organization
molecular_biology_research_technique	associated_with	neoplastic_process
biologically_active_substance	issue_in	occupation_or_discipline
disease_or_syndrome	affects	amphibian
research_activity	measures	biologically_active_substance
biologically_active_substance	affects	genetic_function
nucleic_acid_nucleoside_or_nucleotide	interacts_with	organophosphorus_compound
tissue	contains	body_substance
hormone	causes	acquired_abnormality
hazardous_or_poisonous_substance	complicates	molecular_function
neoplastic_process	associated_with	experimental_model_of_disease
medical_device	causes	disease_or_syndrome
lipid	interacts_with	biomedical_or_dental_material
environmental_effect_of_humans	result_of	human_caused_phenomenon_or_process
carbohydrate	interacts_with	receptor
organ_or_tissue_function	affects	neoplastic_process
genetic_function	affects	mental_process
invertebrate	exhibits	behavior
organophosphorus_compound	affects	cell_function
biomedical_or_dental_material	ingredient_of	clinical_drug
therapeutic_or_preventive_procedure	associated_with	congenital_abnormality
mental_or_behavioral_dysfunction	process_of	invertebrate
diagnostic_procedure	measures	genetic_function
congenital_abnormality	result_of	phenomenon_or_process
regulation_or_law	isa	conceptual_entity
clinical_drug	causes	experimental_model_of_disease
embryonic_structure	location_of	genetic_function
cell_function	precedes	molecular_function
pathologic_function	produces	biologically_active_substance
natural_phenomenon_or_process	result_of	physiologic_function
organ_or_tissue_function	process_of	rickettsia_or_chlamydia
gene_or_genome	location_of	organism_function
enzyme	causes	anatomical_abnormality
vitamin	disrupts	gene_or_genome
virus	interacts_with	reptile
organism_function	result_of	cell_function
pathologic_function	degree_of	disease_or_syndrome
body_location_or_region	location_of	congenital_abnormality
molecular_function	result_of	organ_or_tissue_function
pathologic_function	affects	physiologic_function
embryonic_structure	location_of	physiologic_function
physical_object	issue_in	occupation_or_discipline
neuroreactive_substance_or_biogenic_amine	affects	organ_or_tissue_function
vitamin	affects	cell_function
sign_or_symptom	manifestation_of	genetic_function
immunologic_factor	affects	mental_or_behavioral_dysfunction
animal	interacts_with	bird
disease_or_syndrome	complicates	acquired_abnormality
therapeutic_or_preventive_procedure	complicates	biologic_function
laboratory_or_test_result	measurement_of	receptor
neoplastic_process	result_of	disease_or_syndrome
organism_function	affects	cell_function
embryonic_structure	part_of	organism
neoplastic_process	associated_with	organism_attribute
genetic_function	issue_in	occupation_or_discipline
pathologic_function	process_of	vertebrate
molecular_biology_research_technique	measures	biologically_active_substance
anatomical_abnormality	affects	molecular_function
laboratory_procedure	analyzes	antibiotic
immunologic_factor	associated_with	virus
virus	interacts_with	bacterium
phenomenon_or_process	result_of	congenital_abnormality
cell_or_molecular_dysfunction	isa	event
pathologic_function	precedes	experimental_model_of_disease
health_care_related_organization	produces	classification
acquired_abnormality	result_of	laboratory_procedure
cell_function	result_of	congenital_abnormality
hormone	interacts_with	immunologic_factor
steroid	ingredient_of	clinical_drug
fully_formed_anatomical_structure	part_of	human
quantitative_concept	measurement_of	organ_or_tissue_function
disease_or_syndrome	manifestation_of	pathologic_function
population_group	performs	health_care_activity
laboratory_procedure	diagnoses	congenital_abnormality
acquired_abnormality	result_of	environmental_effect_of_humans
invertebrate	interacts_with	mammal
invertebrate	causes	disease_or_syndrome
diagnostic_procedure	assesses_effect_of	chemical_viewed_functionally
biologically_active_substance	isa	substance
cell_component	isa	fully_formed_anatomical_structure
embryonic_structure	developmental_form_of	body_part_organ_or_organ_component
behavior	associated_with	population_group
organophosphorus_compound	interacts_with	chemical
family_group	produces	regulation_or_law
acquired_abnormality	result_of	neoplastic_process
body_part_organ_or_organ_component	location_of	injury_or_poisoning
molecular_biology_research_technique	issue_in	biomedical_occupation_or_discipline
therapeutic_or_preventive_procedure	complicates	physiologic_function
therapeutic_or_preventive_procedure	isa	event
mental_or_behavioral_dysfunction	precedes	disease_or_syndrome
organ_or_tissue_function	process_of	vertebrate
quantitative_concept	result_of	mental_process
mental_or_behavioral_dysfunction	affects	disease_or_syndrome
laboratory_procedure	measures	nucleic_acid_nucleoside_or_nucleotide
human_caused_phenomenon_or_process	result_of	anatomical_abnormality
organophosphorus_compound	interacts_with	inorganic_chemical
cell_function	co-occurs_with	genetic_function
human_caused_phenomenon_or_process	result_of	neoplastic_process
pharmacologic_substance	causes	cell_or_molecular_dysfunction
vitamin	causes	mental_or_behavioral_dysfunction
sign_or_symptom	associated_with	injury_or_poisoning
neoplastic_process	produces	neuroreactive_substance_or_biogenic_amine
body_substance	derivative_of	tissue
antibiotic	disrupts	molecular_function
cell_or_molecular_dysfunction	affects	archaeon
anatomical_abnormality	affects	human
fungus	isa	entity
group	produces	medical_device
disease_or_syndrome	affects	rickettsia_or_chlamydia
population_group	produces	manufactured_object
molecular_biology_research_technique	measures	clinical_attribute
natural_phenomenon_or_process	process_of	cell_or_molecular_dysfunction
hormone	complicates	cell_or_molecular_dysfunction
organophosphorus_compound	causes	cell_or_molecular_dysfunction
lipid	interacts_with	neuroreactive_substance_or_biogenic_amine
gene_or_genome	part_of	mammal
medical_device	prevents	injury_or_poisoning
invertebrate	issue_in	biomedical_occupation_or_discipline
experimental_model_of_disease	affects	reptile
individual_behavior	affects	behavior
chemical_viewed_structurally	interacts_with	receptor
congenital_abnormality	affects	human
plant	isa	organism
organ_or_tissue_function	affects	bacterium
neoplastic_process	affects	archaeon
amphibian	isa	vertebrate
biologic_function	process_of	mental_or_behavioral_dysfunction
hazardous_or_poisonous_substance	affects	organ_or_tissue_function
laboratory_procedure	measures	disease_or_syndrome
body_substance	isa	physical_object
biologic_function	affects	mammal
organ_or_tissue_function	occurs_in	organism_function
regulation_or_law	affects	professional_society
neoplastic_process	produces	body_substance
injury_or_poisoning	result_of	cell_or_molecular_dysfunction
therapeutic_or_preventive_procedure	issue_in	occupation_or_discipline
genetic_function	affects	organism_attribute
clinical_attribute	issue_in	biomedical_occupation_or_discipline
fully_formed_anatomical_structure	location_of	anatomical_abnormality
population_group	associated_with	disease_or_syndrome
organism_attribute	property_of	reptile
disease_or_syndrome	isa	pathologic_function
amino_acid_peptide_or_protein	affects	genetic_function
anatomical_abnormality	affects	fungus
nucleic_acid_nucleoside_or_nucleotide	isa	chemical
manufactured_object	issue_in	occupation_or_discipline
experimental_model_of_disease	result_of	acquired_abnormality
human_caused_phenomenon_or_process	result_of	cell_function
mental_process	result_of	phenomenon_or_process
disease_or_syndrome	process_of	virus
pharmacologic_substance	complicates	mental_or_behavioral_dysfunction
cell_or_molecular_dysfunction	result_of	mental_process
physiologic_function	isa	natural_phenomenon_or_process
patient_or_disabled_group	performs	research_activity
rickettsia_or_chlamydia	interacts_with	amphibian
pathologic_function	process_of	virus
gene_or_genome	produces	eicosanoid
mental_or_behavioral_dysfunction	affects	cell_or_molecular_dysfunction
physiologic_function	affects	animal
neuroreactive_substance_or_biogenic_amine	interacts_with	hormone
biologically_active_substance	affects	mental_process
body_location_or_region	adjacent_to	body_space_or_junction
cell_function	affects	bird
diagnostic_procedure	assesses_effect_of	chemical_viewed_structurally
acquired_abnormality	result_of	congenital_abnormality
disease_or_syndrome	process_of	physiologic_function
human_caused_phenomenon_or_process	result_of	disease_or_syndrome
chemical_viewed_functionally	causes	congenital_abnormality
sign_or_symptom	associated_with	congenital_abnormality
molecular_biology_research_technique	measures	inorganic_chemical
mental_or_behavioral_dysfunction	result_of	phenomenon_or_process
clinical_attribute	property_of	rickettsia_or_chlamydia
health_care_activity	affects	physiologic_function
congenital_abnormality	manifestation_of	biologic_function
body_part_organ_or_organ_component	part_of	reptile
gene_or_genome	location_of	pathologic_function
disease_or_syndrome	co-occurs_with	experimental_model_of_disease
neoplastic_process	manifestation_of	organism_function
sign_or_symptom	manifestation_of	neoplastic_process
experimental_model_of_disease	isa	biologic_function
enzyme	affects	mental_process
pathologic_function	affects	virus
physiologic_function	result_of	injury_or_poisoning
research_device	causes	injury_or_poisoning
embryonic_structure	location_of	disease_or_syndrome
organism_function	process_of	bird
temporal_concept	result_of	mental_process
experimental_model_of_disease	process_of	bird
organism_attribute	result_of	cell_or_molecular_dysfunction
injury_or_poisoning	disrupts	organ_or_tissue_function
molecular_function	affects	virus
pathologic_function	produces	immunologic_factor
animal	isa	entity
cell_function	affects	organism
cell_component	location_of	mental_or_behavioral_dysfunction
biomedical_occupation_or_discipline	isa	occupation_or_discipline
immunologic_factor	isa	chemical_viewed_functionally
molecular_biology_research_technique	measures	organism_attribute
cell	part_of	archaeon
cell_or_molecular_dysfunction	process_of	organism
laboratory_or_test_result	indicates	disease_or_syndrome
indicator_reagent_or_diagnostic_aid	ingredient_of	clinical_drug
qualitative_concept	evaluation_of	behavior
embryonic_structure	part_of	fish
vitamin	complicates	experimental_model_of_disease
qualitative_concept	evaluation_of	governmental_or_regulatory_activity
organism_function	result_of	experimental_model_of_disease
fish	isa	physical_object
molecular_function	process_of	genetic_function
mental_or_behavioral_dysfunction	isa	event
chemical_viewed_structurally	causes	experimental_model_of_disease
body_part_organ_or_organ_component	location_of	body_space_or_junction
immunologic_factor	indicates	mental_or_behavioral_dysfunction
laboratory_procedure	isa	event
chemical_viewed_functionally	causes	neoplastic_process
congenital_abnormality	occurs_in	patient_or_disabled_group
virus	interacts_with	organism
congenital_abnormality	location_of	rickettsia_or_chlamydia
organophosphorus_compound	isa	substance
amino_acid_peptide_or_protein	isa	substance
sign_or_symptom	associated_with	disease_or_syndrome
chemical	affects	disease_or_syndrome
bacterium	causes	experimental_model_of_disease
disease_or_syndrome	complicates	mental_or_behavioral_dysfunction
neoplastic_process	degree_of	cell_or_molecular_dysfunction
nucleotide_sequence	isa	idea_or_concept
neoplastic_process	isa	pathologic_function
enzyme	affects	organism_function
injury_or_poisoning	result_of	therapeutic_or_preventive_procedure
drug_delivery_device	causes	pathologic_function
molecular_function	process_of	mental_or_behavioral_dysfunction
cell_or_molecular_dysfunction	result_of	congenital_abnormality
neoplastic_process	result_of	anatomical_abnormality
physiologic_function	affects	bacterium
anatomical_structure	location_of	virus
eicosanoid	causes	injury_or_poisoning
eicosanoid	interacts_with	antibiotic
experimental_model_of_disease	occurs_in	family_group
hormone	complicates	organism_function
cell_or_molecular_dysfunction	process_of	fungus
therapeutic_or_preventive_procedure	prevents	cell_or_molecular_dysfunction
diagnostic_procedure	measures	organism_attribute
professional_society	produces	intellectual_product
organophosphorus_compound	affects	pathologic_function
laboratory_or_test_result	measurement_of	vitamin
antibiotic	prevents	cell_or_molecular_dysfunction
acquired_abnormality	result_of	cell_function
injury_or_poisoning	result_of	congenital_abnormality
neoplastic_process	process_of	cell_function
experimental_model_of_disease	affects	neoplastic_process
diagnostic_procedure	analyzes	carbohydrate
neuroreactive_substance_or_biogenic_amine	isa	chemical
clinical_drug	causes	mental_or_behavioral_dysfunction
tissue	isa	physical_object
biologically_active_substance	interacts_with	receptor
neuroreactive_substance_or_biogenic_amine	complicates	neoplastic_process
laboratory_procedure	associated_with	experimental_model_of_disease
gene_or_genome	location_of	rickettsia_or_chlamydia
physiologic_function	process_of	virus
genetic_function	affects	archaeon
pathologic_function	manifestation_of	cell_function
acquired_abnormality	part_of	organism
pharmacologic_substance	isa	substance
biologic_function	affects	amphibian
element_ion_or_isotope	interacts_with	chemical_viewed_functionally
pharmacologic_substance	complicates	physiologic_function
amino_acid_sequence	issue_in	occupation_or_discipline
enzyme	affects	natural_phenomenon_or_process
nucleic_acid_nucleoside_or_nucleotide	interacts_with	carbohydrate
lipid	interacts_with	receptor
medical_device	causes	neoplastic_process
molecular_biology_research_technique	isa	occupational_activity
enzyme	causes	injury_or_poisoning
pharmacologic_substance	diagnoses	neoplastic_process
element_ion_or_isotope	interacts_with	pharmacologic_substance
organism_attribute	isa	conceptual_entity
immunologic_factor	disrupts	gene_or_genome
clinical_attribute	manifestation_of	mental_process
cell_or_molecular_dysfunction	produces	receptor
finding	evaluation_of	neoplastic_process
body_part_organ_or_organ_component	part_of	bird
organism_function	affects	organ_or_tissue_function
embryonic_structure	part_of	invertebrate
neoplastic_process	process_of	mammal
laboratory_or_test_result	evaluation_of	physiologic_function
cell	part_of	vertebrate
cell_function	issue_in	occupation_or_discipline
family_group	performs	social_behavior
biologic_function	affects	fungus
pathologic_function	occurs_in	injury_or_poisoning
hormone	complicates	acquired_abnormality
molecular_function	process_of	disease_or_syndrome
family_group	produces	intellectual_product
organophosphorus_compound	causes	injury_or_poisoning
medical_device	isa	manufactured_object
research_activity	measures	experimental_model_of_disease
geographic_area	associated_with	disease_or_syndrome
research_activity	measures	neuroreactive_substance_or_biogenic_amine
disease_or_syndrome	process_of	mental_or_behavioral_dysfunction
mental_or_behavioral_dysfunction	result_of	physiologic_function
alga	interacts_with	bacterium
eicosanoid	isa	physical_object
pharmacologic_substance	affects	physiologic_function
injury_or_poisoning	occurs_in	population_group
reptile	exhibits	behavior
pathologic_function	manifestation_of	injury_or_poisoning
laboratory_or_test_result	indicates	anatomical_abnormality
organism_function	process_of	disease_or_syndrome
nucleic_acid_nucleoside_or_nucleotide	interacts_with	indicator_reagent_or_diagnostic_aid
physiologic_function	result_of	environmental_effect_of_humans
disease_or_syndrome	process_of	amphibian
organism_function	co-occurs_with	molecular_function
amino_acid_peptide_or_protein	affects	disease_or_syndrome
laboratory_procedure	assesses_effect_of	eicosanoid
bacterium	location_of	hormone
organic_chemical	affects	cell_function
hormone	causes	mental_or_behavioral_dysfunction
acquired_abnormality	complicates	anatomical_abnormality
gene_or_genome	location_of	organ_or_tissue_function
anatomical_abnormality	manifestation_of	genetic_function
mental_process	affects	human
governmental_or_regulatory_activity	associated_with	experimental_model_of_disease
organ_or_tissue_function	process_of	disease_or_syndrome
disease_or_syndrome	process_of	archaeon
receptor	interacts_with	hazardous_or_poisonous_substance
amino_acid_peptide_or_protein	interacts_with	biomedical_or_dental_material
immunologic_factor	causes	experimental_model_of_disease
temporal_concept	conceptual_part_of	organ_or_tissue_function
acquired_abnormality	occurs_in	population_group
cell	location_of	bacterium
cell_or_molecular_dysfunction	associated_with	clinical_attribute
nucleic_acid_nucleoside_or_nucleotide	interacts_with	chemical_viewed_functionally
food	affects	molecular_function
cell_or_molecular_dysfunction	complicates	anatomical_abnormality
pathologic_function	occurs_in	group
cell_function	process_of	rickettsia_or_chlamydia
pharmacologic_substance	disrupts	embryonic_structure
biologic_function	process_of	experimental_model_of_disease
congenital_abnormality	issue_in	biomedical_occupation_or_discipline
organism_function	precedes	molecular_function
enzyme	complicates	cell_or_molecular_dysfunction
nucleic_acid_nucleoside_or_nucleotide	affects	natural_phenomenon_or_process
cell_or_molecular_dysfunction	occurs_in	group
behavior	manifestation_of	mental_process
organism_function	result_of	environmental_effect_of_humans
cell_function	process_of	invertebrate
acquired_abnormality	part_of	bird
cell	location_of	experimental_model_of_disease
rickettsia_or_chlamydia	interacts_with	bacterium
clinical_attribute	property_of	plant
vitamin	disrupts	embryonic_structure
gene_or_genome	produces	immunologic_factor
physiologic_function	produces	enzyme
natural_phenomenon_or_process	affects	mental_process
vitamin	affects	organism_function
organism_function	precedes	physiologic_function
neoplastic_process	occurs_in	group
molecular_function	process_of	mental_process
group	uses	regulation_or_law
bacterium	isa	physical_object
social_behavior	associated_with	family_group
organism_attribute	isa	entity
cell	produces	lipid
mental_process	result_of	cell_function
antibiotic	interacts_with	vitamin
diagnostic_procedure	assesses_effect_of	hazardous_or_poisonous_substance
family_group	performs	individual_behavior
vitamin	interacts_with	immunologic_factor
virus	causes	disease_or_syndrome
laboratory_procedure	assesses_effect_of	chemical_viewed_structurally
laboratory_procedure	assesses_effect_of	carbohydrate
neoplastic_process	affects	bird
archaeon	interacts_with	organism
tissue	part_of	vertebrate
congenital_abnormality	occurs_in	age_group
neoplastic_process	produces	immunologic_factor
embryonic_structure	isa	physical_object
biologically_active_substance	affects	physiologic_function
chemical_viewed_functionally	causes	experimental_model_of_disease
physiologic_function	affects	reptile
receptor	causes	anatomical_abnormality
natural_phenomenon_or_process	result_of	genetic_function
biologic_function	result_of	human_caused_phenomenon_or_process
cell_or_molecular_dysfunction	manifestation_of	mental_or_behavioral_dysfunction
organism_attribute	measurement_of	physiologic_function
cell_function	process_of	reptile
laboratory_or_test_result	manifestation_of	mental_or_behavioral_dysfunction
laboratory_or_test_result	measurement_of	hormone
body_part_organ_or_organ_component	adjacent_to	tissue
cell_or_molecular_dysfunction	precedes	pathologic_function
bird	issue_in	occupation_or_discipline
cell_or_molecular_dysfunction	complicates	disease_or_syndrome
lipid	isa	organic_chemical
intellectual_product	issue_in	occupation_or_discipline
physiologic_function	affects	neoplastic_process
anatomical_abnormality	result_of	mental_or_behavioral_dysfunction
pathologic_function	result_of	injury_or_poisoning
professional_society	issue_in	occupation_or_discipline
rickettsia_or_chlamydia	interacts_with	fish
enzyme	disrupts	organism_function
anatomical_abnormality	result_of	biologic_function
laboratory_procedure	assesses_effect_of	mental_process
disease_or_syndrome	affects	virus
experimental_model_of_disease	degree_of	disease_or_syndrome
organism_function	isa	physiologic_function
disease_or_syndrome	associated_with	organism_attribute
natural_phenomenon_or_process	result_of	experimental_model_of_disease
cell_or_molecular_dysfunction	complicates	mental_or_behavioral_dysfunction
biologic_function	result_of	anatomical_abnormality
neoplastic_process	affects	cell_function
neuroreactive_substance_or_biogenic_amine	ingredient_of	clinical_drug
molecular_biology_research_technique	isa	activity
nucleic_acid_nucleoside_or_nucleotide	interacts_with	amino_acid_peptide_or_protein
daily_or_recreational_activity	associated_with	cell_or_molecular_dysfunction
organism_function	result_of	genetic_function
inorganic_chemical	affects	mental_process
organism_function	result_of	injury_or_poisoning
family_group	produces	manufactured_object
pathologic_function	process_of	bacterium
tissue	part_of	alga
cell	produces	biologically_active_substance
neuroreactive_substance_or_biogenic_amine	complicates	mental_or_behavioral_dysfunction
patient_or_disabled_group	produces	drug_delivery_device
neoplastic_process	isa	event
conceptual_entity	issue_in	biomedical_occupation_or_discipline
self_help_or_relief_organization	manages	patient_or_disabled_group
chemical_viewed_structurally	isa	substance
antibiotic	treats	sign_or_symptom
family_group	isa	group
genetic_function	process_of	human
hazardous_or_poisonous_substance	affects	mental_or_behavioral_dysfunction
anatomical_structure	part_of	archaeon
alga	interacts_with	rickettsia_or_chlamydia
group	isa	conceptual_entity
laboratory_or_test_result	indicates	acquired_abnormality
tissue	part_of	animal
rickettsia_or_chlamydia	location_of	hormone
fungus	interacts_with	fish
acquired_abnormality	associated_with	organism_attribute
disease_or_syndrome	process_of	cell_or_molecular_dysfunction
organism_function	process_of	invertebrate
family_group	exhibits	behavior
nucleic_acid_nucleoside_or_nucleotide	interacts_with	biologically_active_substance
diagnostic_procedure	assesses_effect_of	chemical
inorganic_chemical	isa	substance
mental_or_behavioral_dysfunction	result_of	experimental_model_of_disease
organ_or_tissue_function	result_of	human_caused_phenomenon_or_process
anatomical_abnormality	affects	mental_process
body_part_organ_or_organ_component	produces	steroid
physiologic_function	result_of	organism_function
disease_or_syndrome	co-occurs_with	cell_or_molecular_dysfunction
behavior	associated_with	biomedical_occupation_or_discipline
laboratory_procedure	measures	eicosanoid
mental_process	process_of	organism_function
professional_society	carries_out	educational_activity
organic_chemical	affects	pathologic_function
self_help_or_relief_organization	carries_out	therapeutic_or_preventive_procedure
laboratory_or_test_result	manifestation_of	genetic_function
genetic_function	precedes	mental_process
laboratory_or_test_result	associated_with	acquired_abnormality
antibiotic	ingredient_of	clinical_drug
body_part_organ_or_organ_component	connected_to	body_substance
immunologic_factor	causes	anatomical_abnormality
invertebrate	issue_in	occupation_or_discipline
biologic_function	isa	event
immunologic_factor	disrupts	embryonic_structure
enzyme	complicates	injury_or_poisoning
health_care_activity	affects	cell_function
injury_or_poisoning	disrupts	organism_function
embryonic_structure	issue_in	biomedical_occupation_or_discipline
enzyme	affects	molecular_function
sign_or_symptom	manifestation_of	anatomical_abnormality
drug_delivery_device	isa	manufactured_object
fully_formed_anatomical_structure	produces	organophosphorus_compound
amphibian	interacts_with	human
congenital_abnormality	manifestation_of	pathologic_function
laboratory_procedure	assesses_effect_of	molecular_function
laboratory_or_test_result	measurement_of	biologically_active_substance
functional_concept	result_of	mental_process
organ_or_tissue_function	affects	fungus
mental_or_behavioral_dysfunction	process_of	experimental_model_of_disease
medical_device	causes	pathologic_function
anatomical_structure	part_of	animal
physiologic_function	process_of	fungus
cell	isa	fully_formed_anatomical_structure
bacterium	interacts_with	vertebrate
body_part_organ_or_organ_component	location_of	disease_or_syndrome
intellectual_product	isa	entity
research_activity	measures	natural_phenomenon_or_process
lipid	affects	genetic_function
fungus	interacts_with	bird
hazardous_or_poisonous_substance	complicates	mental_process
cell_component	part_of	fish
qualitative_concept	isa	conceptual_entity
neuroreactive_substance_or_biogenic_amine	causes	congenital_abnormality
fully_formed_anatomical_structure	produces	biologically_active_substance
social_behavior	isa	event
injury_or_poisoning	complicates	mental_or_behavioral_dysfunction
tissue	part_of	reptile
neoplastic_process	process_of	amphibian
enzyme	disrupts	body_part_organ_or_organ_component
molecular_function	result_of	mental_process
body_part_organ_or_organ_component	part_of	fungus
chemical_viewed_structurally	interacts_with	nucleic_acid_nucleoside_or_nucleotide
neuroreactive_substance_or_biogenic_amine	affects	experimental_model_of_disease
disease_or_syndrome	result_of	pathologic_function
experimental_model_of_disease	manifestation_of	molecular_function
disease_or_syndrome	associated_with	neoplastic_process
congenital_abnormality	result_of	injury_or_poisoning
congenital_abnormality	occurs_in	group
organism_function	process_of	genetic_function
biologic_function	process_of	invertebrate
phenomenon_or_process	isa	event
neoplastic_process	precedes	mental_or_behavioral_dysfunction
neoplastic_process	result_of	cell_function
laboratory_or_test_result	evaluation_of	organ_or_tissue_function
neoplastic_process	affects	genetic_function
organ_or_tissue_function	co-occurs_with	cell_function
medical_device	causes	acquired_abnormality
disease_or_syndrome	conceptually_related_to	experimental_model_of_disease
organism_attribute	property_of	human
behavior	associated_with	geographic_area
chemical_viewed_structurally	causes	congenital_abnormality
organism_function	result_of	human_caused_phenomenon_or_process
genetic_function	affects	organism_function
immunologic_factor	affects	disease_or_syndrome
chemical_viewed_structurally	causes	pathologic_function
age_group	interacts_with	patient_or_disabled_group
pathologic_function	result_of	genetic_function
nucleic_acid_nucleoside_or_nucleotide	affects	cell_function
physiologic_function	occurs_in	temporal_concept
mental_process	co-occurs_with	molecular_function
quantitative_concept	measurement_of	spatial_concept
anatomical_abnormality	occurs_in	family_group
laboratory_or_test_result	manifestation_of	disease_or_syndrome
cell_component	location_of	therapeutic_or_preventive_procedure
phenomenon_or_process	result_of	human_caused_phenomenon_or_process
physiologic_function	affects	clinical_attribute
disease_or_syndrome	degree_of	neoplastic_process
health_care_related_organization	location_of	educational_activity
enzyme	disrupts	organ_or_tissue_function
educational_activity	isa	event
molecular_function	process_of	alga
geographic_area	associated_with	neoplastic_process
receptor	affects	pathologic_function
natural_phenomenon_or_process	affects	biologic_function
tissue	location_of	injury_or_poisoning
cell_component	part_of	plant
organ_or_tissue_function	result_of	genetic_function
virus	interacts_with	invertebrate
individual_behavior	associated_with	population_group
fully_formed_anatomical_structure	location_of	acquired_abnormality
disease_or_syndrome	result_of	organism_function
social_behavior	affects	individual_behavior
biologic_function	affects	animal
patient_or_disabled_group	produces	classification
injury_or_poisoning	result_of	biologic_function
fish	interacts_with	human
daily_or_recreational_activity	isa	activity
body_part_organ_or_organ_component	produces	amino_acid_peptide_or_protein
molecular_function	affects	clinical_attribute
genetic_function	result_of	organism_function
pathologic_function	result_of	social_behavior
indicator_reagent_or_diagnostic_aid	affects	cell_or_molecular_dysfunction
mental_or_behavioral_dysfunction	complicates	neoplastic_process
cell_function	process_of	mental_or_behavioral_dysfunction
organ_or_tissue_function	affects	plant
clinical_drug	issue_in	occupation_or_discipline
clinical_attribute	manifestation_of	cell_function
molecular_function	isa	physiologic_function
disease_or_syndrome	precedes	mental_or_behavioral_dysfunction
cell_function	affects	pathologic_function
receptor	associated_with	virus
environmental_effect_of_humans	result_of	organism_function
pathologic_function	issue_in	biomedical_occupation_or_discipline
cell_or_molecular_dysfunction	process_of	archaeon
enzyme	affects	experimental_model_of_disease
laboratory_procedure	affects	physiologic_function
molecular_function	process_of	bacterium
group	performs	governmental_or_regulatory_activity
immunologic_factor	indicates	disease_or_syndrome
vertebrate	exhibits	social_behavior
individual_behavior	result_of	mental_process
cell_or_molecular_dysfunction	process_of	organ_or_tissue_function
cell_or_molecular_dysfunction	affects	mammal
mental_or_behavioral_dysfunction	manifestation_of	molecular_function
pathologic_function	process_of	biologic_function
experimental_model_of_disease	affects	organism
medical_device	causes	injury_or_poisoning
spatial_concept	isa	idea_or_concept
congenital_abnormality	co-occurs_with	anatomical_abnormality
carbohydrate	interacts_with	biologically_active_substance
age_group	performs	individual_behavior
physiologic_function	result_of	mental_or_behavioral_dysfunction
antibiotic	affects	biologic_function
congenital_abnormality	location_of	virus
cell_function	result_of	human_caused_phenomenon_or_process
anatomical_abnormality	result_of	diagnostic_procedure
group_attribute	issue_in	biomedical_occupation_or_discipline
cell	part_of	tissue
molecular_function	affects	cell_or_molecular_dysfunction
tissue	produces	vitamin
reptile	issue_in	biomedical_occupation_or_discipline
molecular_function	process_of	human
laboratory_or_test_result	evaluation_of	mental_or_behavioral_dysfunction
virus	interacts_with	vertebrate
clinical_attribute	result_of	cell_function
cell_function	result_of	organ_or_tissue_function
medical_device	isa	entity
gene_or_genome	part_of	archaeon
organism_function	issue_in	occupation_or_discipline
disease_or_syndrome	affects	genetic_function
professional_society	isa	organization
genetic_function	process_of	mental_process
biologic_function	process_of	cell_or_molecular_dysfunction
mental_process	occurs_in	temporal_concept
health_care_related_organization	isa	organization
gene_or_genome	produces	lipid
organ_or_tissue_function	produces	body_substance
receptor	ingredient_of	clinical_drug
patient_or_disabled_group	produces	regulation_or_law
indicator_reagent_or_diagnostic_aid	issue_in	occupation_or_discipline
pharmacologic_substance	disrupts	fully_formed_anatomical_structure
mammal	issue_in	occupation_or_discipline
molecular_function	issue_in	occupation_or_discipline
molecular_biology_research_technique	measures	organic_chemical
food	causes	acquired_abnormality
mental_or_behavioral_dysfunction	degree_of	pathologic_function
group	produces	classification
phenomenon_or_process	result_of	genetic_function
body_substance	causes	experimental_model_of_disease
physiologic_function	produces	receptor
body_space_or_junction	part_of	body_part_organ_or_organ_component
lipid	interacts_with	enzyme
physiologic_function	issue_in	occupation_or_discipline
physiologic_function	process_of	bacterium
disease_or_syndrome	affects	invertebrate
mental_process	process_of	natural_phenomenon_or_process
finding	evaluation_of	disease_or_syndrome
cell	location_of	cell_or_molecular_dysfunction
hormone	disrupts	cell_function
finding	manifestation_of	injury_or_poisoning
acquired_abnormality	result_of	molecular_function
laboratory_or_test_result	measurement_of	amino_acid_peptide_or_protein
fully_formed_anatomical_structure	part_of	mammal
eicosanoid	interacts_with	immunologic_factor
physiologic_function	process_of	biologic_function
steroid	isa	chemical_viewed_structurally
inorganic_chemical	affects	genetic_function
molecular_biology_research_technique	isa	event
organism_function	process_of	cell_or_molecular_dysfunction
inorganic_chemical	affects	pathologic_function
experimental_model_of_disease	co-occurs_with	pathologic_function
neoplastic_process	occurs_in	disease_or_syndrome
self_help_or_relief_organization	carries_out	governmental_or_regulatory_activity
inorganic_chemical	causes	acquired_abnormality
biologically_active_substance	complicates	cell_or_molecular_dysfunction
intellectual_product	issue_in	biomedical_occupation_or_discipline
laboratory_procedure	associated_with	acquired_abnormality
experimental_model_of_disease	process_of	cell_function
genetic_function	affects	bacterium
mental_process	produces	enzyme
cell_function	result_of	injury_or_poisoning
enzyme	disrupts	mental_process
anatomical_abnormality	occurs_in	professional_or_occupational_group
disease_or_syndrome	result_of	anatomical_abnormality
cell_or_molecular_dysfunction	affects	mental_or_behavioral_dysfunction
disease_or_syndrome	process_of	natural_phenomenon_or_process
element_ion_or_isotope	affects	physiologic_function
regulation_or_law	issue_in	occupation_or_discipline
tissue	part_of	mammal
congenital_abnormality	result_of	organ_or_tissue_function
pharmacologic_substance	interacts_with	enzyme
chemical_viewed_functionally	isa	chemical
biologically_active_substance	complicates	biologic_function
medical_device	treats	anatomical_abnormality
tissue	location_of	anatomical_abnormality
amino_acid_peptide_or_protein	affects	organism_function
organ_or_tissue_function	result_of	environmental_effect_of_humans
congenital_abnormality	manifestation_of	mental_process
congenital_abnormality	result_of	neoplastic_process
disease_or_syndrome	result_of	neoplastic_process
immunologic_factor	complicates	mental_or_behavioral_dysfunction
receptor	complicates	cell_function
congenital_abnormality	affects	molecular_function
laboratory_or_test_result	indicates	biologic_function
inorganic_chemical	interacts_with	indicator_reagent_or_diagnostic_aid
therapeutic_or_preventive_procedure	associated_with	injury_or_poisoning
population_group	interacts_with	group
biologic_function	process_of	physiologic_function
cell_or_molecular_dysfunction	process_of	bacterium
injury_or_poisoning	result_of	individual_behavior
family_group	produces	drug_delivery_device
finding	evaluation_of	genetic_function
experimental_model_of_disease	process_of	alga
amino_acid_peptide_or_protein	issue_in	occupation_or_discipline
therapeutic_or_preventive_procedure	affects	mental_or_behavioral_dysfunction
body_part_organ_or_organ_component	produces	immunologic_factor
acquired_abnormality	affects	fungus
antibiotic	interacts_with	hazardous_or_poisonous_substance
laboratory_procedure	analyzes	indicator_reagent_or_diagnostic_aid
cell_component	affects	physiologic_function
cell_function	process_of	vertebrate
immunologic_factor	disrupts	cell
cell_or_molecular_dysfunction	affects	genetic_function
population_group	performs	social_behavior
animal	interacts_with	vertebrate
educational_activity	associated_with	congenital_abnormality
neoplastic_process	affects	molecular_function
neoplastic_process	affects	invertebrate
environmental_effect_of_humans	result_of	cell_or_molecular_dysfunction
finding	evaluation_of	mental_process
neoplastic_process	produces	biologically_active_substance
physiologic_function	process_of	vertebrate
acquired_abnormality	result_of	biologic_function
hazardous_or_poisonous_substance	disrupts	body_part_organ_or_organ_component
biologic_function	result_of	experimental_model_of_disease
plant	location_of	neuroreactive_substance_or_biogenic_amine
drug_delivery_device	treats	experimental_model_of_disease
carbohydrate	issue_in	biomedical_occupation_or_discipline
disease_or_syndrome	complicates	anatomical_abnormality
physiologic_function	result_of	genetic_function
physiologic_function	precedes	cell_function
pharmacologic_substance	interacts_with	antibiotic
mental_process	isa	event
research_activity	measures	physiologic_function
cell_or_molecular_dysfunction	process_of	biologic_function
finding	associated_with	pathologic_function
biologically_active_substance	disrupts	fully_formed_anatomical_structure
injury_or_poisoning	complicates	acquired_abnormality
research_activity	measures	organ_or_tissue_function
steroid	affects	physiologic_function
anatomical_abnormality	manifestation_of	molecular_function
rickettsia_or_chlamydia	interacts_with	invertebrate
educational_activity	associated_with	experimental_model_of_disease
molecular_biology_research_technique	measures	indicator_reagent_or_diagnostic_aid
neuroreactive_substance_or_biogenic_amine	complicates	cell_or_molecular_dysfunction
pharmacologic_substance	interacts_with	receptor
pharmacologic_substance	issue_in	occupation_or_discipline
family_group	uses	classification
enzyme	interacts_with	indicator_reagent_or_diagnostic_aid
pharmacologic_substance	interacts_with	indicator_reagent_or_diagnostic_aid
biomedical_or_dental_material	interacts_with	hormone
mental_or_behavioral_dysfunction	produces	receptor
cell_or_molecular_dysfunction	process_of	reptile
anatomical_abnormality	isa	anatomical_structure
organism_function	result_of	natural_phenomenon_or_process
acquired_abnormality	manifestation_of	mental_process
pathologic_function	isa	natural_phenomenon_or_process
molecular_function	process_of	experimental_model_of_disease
diagnostic_procedure	uses	medical_device
sign_or_symptom	associated_with	mental_or_behavioral_dysfunction
biologically_active_substance	complicates	cell_function
laboratory_procedure	associated_with	cell_or_molecular_dysfunction
anatomical_abnormality	manifestation_of	organism_function
group	performs	health_care_activity
professional_or_occupational_group	manages	professional_society
cell_or_molecular_dysfunction	result_of	mental_or_behavioral_dysfunction
organ_or_tissue_function	affects	organism_attribute
organism_function	result_of	congenital_abnormality
inorganic_chemical	isa	chemical_viewed_structurally
alga	interacts_with	mammal
cell	isa	physical_object
mental_process	process_of	mammal
hazardous_or_poisonous_substance	disrupts	genetic_function
vitamin	disrupts	cell_function
clinical_attribute	result_of	neoplastic_process
reptile	interacts_with	archaeon
organism_function	affects	organism
rickettsia_or_chlamydia	interacts_with	human
body_space_or_junction	conceptual_part_of	body_system
element_ion_or_isotope	affects	pathologic_function
immunologic_factor	disrupts	fully_formed_anatomical_structure
virus	interacts_with	rickettsia_or_chlamydia
genetic_function	isa	event
clinical_attribute	result_of	disease_or_syndrome
cell_function	process_of	virus
nucleic_acid_nucleoside_or_nucleotide	isa	organic_chemical
congenital_abnormality	location_of	neoplastic_process
anatomical_abnormality	location_of	neoplastic_process
health_care_related_organization	location_of	research_activity
experimental_model_of_disease	manifestation_of	injury_or_poisoning
experimental_model_of_disease	process_of	virus
physiologic_function	result_of	pathologic_function
disease_or_syndrome	affects	bird
amino_acid_peptide_or_protein	interacts_with	receptor
hazardous_or_poisonous_substance	isa	physical_object
organism_function	affects	invertebrate
biologically_active_substance	affects	organism_function
diagnostic_procedure	associated_with	acquired_abnormality
cell	part_of	alga
lipid	interacts_with	antibiotic
disease_or_syndrome	affects	mental_or_behavioral_dysfunction
tissue	location_of	body_space_or_junction
acquired_abnormality	affects	organism
experimental_model_of_disease	affects	organ_or_tissue_function
element_ion_or_isotope	affects	genetic_function
gene_or_genome	location_of	congenital_abnormality
inorganic_chemical	affects	cell_or_molecular_dysfunction
organ_or_tissue_function	result_of	disease_or_syndrome
vitamin	complicates	pathologic_function
food	affects	organism_function
fully_formed_anatomical_structure	location_of	mental_or_behavioral_dysfunction
immunologic_factor	disrupts	physiologic_function
organ_or_tissue_function	affects	archaeon
eicosanoid	causes	cell_or_molecular_dysfunction
genetic_function	affects	fish
cell_function	affects	organ_or_tissue_function
anatomical_abnormality	part_of	virus
drug_delivery_device	prevents	mental_or_behavioral_dysfunction
molecular_biology_research_technique	associated_with	mental_or_behavioral_dysfunction
body_substance	causes	anatomical_abnormality
food	causes	pathologic_function
mental_or_behavioral_dysfunction	process_of	fish
research_device	issue_in	occupation_or_discipline
professional_society	location_of	occupational_activity
laboratory_or_test_result	indicates	molecular_function
biologically_active_substance	isa	physical_object
diagnostic_procedure	associated_with	injury_or_poisoning
medical_device	issue_in	occupation_or_discipline
professional_or_occupational_group	issue_in	biomedical_occupation_or_discipline
pathologic_function	affects	cell_or_molecular_dysfunction
congenital_abnormality	affects	fish
sign_or_symptom	issue_in	occupation_or_discipline
acquired_abnormality	result_of	mental_or_behavioral_dysfunction
antibiotic	complicates	pathologic_function
cell_or_molecular_dysfunction	result_of	anatomical_abnormality
amino_acid_sequence	isa	conceptual_entity
antibiotic	causes	mental_or_behavioral_dysfunction
anatomical_abnormality	part_of	alga
cell	part_of	human
mental_process	affects	alga
inorganic_chemical	affects	neoplastic_process
immunologic_factor	isa	substance
chemical	affects	mental_process
research_device	isa	manufactured_object
immunologic_factor	indicates	bacterium
gene_or_genome	part_of	cell
professional_or_occupational_group	produces	classification
organism_attribute	result_of	organ_or_tissue_function
organic_chemical	interacts_with	receptor
molecular_function	affects	fungus
pharmacologic_substance	treats	sign_or_symptom
mental_process	affects	archaeon
physiologic_function	process_of	human
laboratory_or_test_result	indicates	mental_or_behavioral_dysfunction
cell	contains	body_substance
vertebrate	isa	entity
cell_or_molecular_dysfunction	affects	animal
enzyme	affects	organ_or_tissue_function
genetic_function	process_of	neoplastic_process
food	isa	physical_object
fully_formed_anatomical_structure	location_of	experimental_model_of_disease
congenital_abnormality	affects	invertebrate
molecular_function	process_of	bird
cell_function	process_of	pathologic_function
individual_behavior	associated_with	cell_or_molecular_dysfunction
laboratory_procedure	assesses_effect_of	vitamin
group	exhibits	behavior
organism_function	result_of	physiologic_function
organ_or_tissue_function	result_of	biologic_function
organophosphorus_compound	causes	congenital_abnormality
professional_or_occupational_group	performs	therapeutic_or_preventive_procedure
disease_or_syndrome	result_of	environmental_effect_of_humans
neuroreactive_substance_or_biogenic_amine	disrupts	body_part_organ_or_organ_component
patient_or_disabled_group	uses	manufactured_object
mental_or_behavioral_dysfunction	co-occurs_with	neoplastic_process
disease_or_syndrome	process_of	fungus
geographic_area	isa	entity
experimental_model_of_disease	process_of	amphibian
natural_phenomenon_or_process	result_of	injury_or_poisoning
nucleotide_sequence	issue_in	biomedical_occupation_or_discipline
laboratory_procedure	assesses_effect_of	immunologic_factor
research_activity	measures	element_ion_or_isotope
cell_function	affects	natural_phenomenon_or_process
substance	causes	injury_or_poisoning
body_substance	consists_of	eicosanoid
diagnostic_procedure	affects	mental_process
cell_component	part_of	rickettsia_or_chlamydia
neoplastic_process	process_of	bacterium
mental_process	process_of	pathologic_function
mental_process	affects	molecular_function
cell_function	process_of	mental_process
neuroreactive_substance_or_biogenic_amine	complicates	biologic_function
governmental_or_regulatory_activity	associated_with	congenital_abnormality
organ_or_tissue_function	affects	invertebrate
sign_or_symptom	isa	entity
mental_process	produces	receptor
regulation_or_law	affects	population_group
natural_phenomenon_or_process	result_of	molecular_function
clinical_attribute	manifestation_of	physiologic_function
inorganic_chemical	interacts_with	hazardous_or_poisonous_substance
organism_function	isa	phenomenon_or_process
enzyme	causes	mental_or_behavioral_dysfunction
enzyme	causes	disease_or_syndrome
chemical_viewed_functionally	affects	molecular_function
neoplastic_process	isa	natural_phenomenon_or_process
antibiotic	complicates	cell_or_molecular_dysfunction
social_behavior	associated_with	clinical_attribute
drug_delivery_device	treats	pathologic_function
professional_or_occupational_group	exhibits	behavior
element_ion_or_isotope	interacts_with	hormone
biomedical_or_dental_material	affects	mental_or_behavioral_dysfunction
group	produces	manufactured_object
plant	issue_in	occupation_or_discipline
chemical	affects	cell_or_molecular_dysfunction
diagnostic_procedure	assesses_effect_of	organic_chemical
pharmacologic_substance	treats	congenital_abnormality
congenital_abnormality	affects	fungus
invertebrate	interacts_with	archaeon
drug_delivery_device	isa	physical_object
organism_function	affects	natural_phenomenon_or_process
organism_function	process_of	archaeon
indicator_reagent_or_diagnostic_aid	affects	organism_function
qualitative_concept	evaluation_of	educational_activity
mental_process	isa	biologic_function
neoplastic_process	process_of	rickettsia_or_chlamydia
organ_or_tissue_function	affects	molecular_function
laboratory_or_test_result	measurement_of	neuroreactive_substance_or_biogenic_amine
tissue	location_of	organism_function
biologic_function	affects	neoplastic_process
manufactured_object	causes	disease_or_syndrome
organism_attribute	measurement_of	cell_function
anatomical_abnormality	occurs_in	group
behavior	affects	social_behavior
food	affects	genetic_function
inorganic_chemical	interacts_with	neuroreactive_substance_or_biogenic_amine
receptor	complicates	organism_function
neoplastic_process	result_of	experimental_model_of_disease
anatomical_abnormality	part_of	human
patient_or_disabled_group	isa	entity
hormone	disrupts	body_part_organ_or_organ_component
educational_activity	isa	occupational_activity
carbohydrate	affects	disease_or_syndrome
carbohydrate_sequence	isa	molecular_sequence
governmental_or_regulatory_activity	issue_in	biomedical_occupation_or_discipline
age_group	produces	drug_delivery_device
classification	issue_in	occupation_or_discipline
diagnostic_procedure	analyzes	immunologic_factor
biomedical_or_dental_material	interacts_with	vitamin
molecular_function	co-occurs_with	genetic_function
receptor	complicates	physiologic_function
mental_process	result_of	cell_or_molecular_dysfunction
pharmacologic_substance	affects	biologic_function
acquired_abnormality	occurs_in	patient_or_disabled_group
cell_function	affects	cell_or_molecular_dysfunction
laboratory_procedure	diagnoses	pathologic_function
laboratory_or_test_result	manifestation_of	congenital_abnormality
organism_function	co-occurs_with	organ_or_tissue_function
tissue	location_of	fungus
chemical	ingredient_of	clinical_drug
biologically_active_substance	complicates	physiologic_function
body_part_organ_or_organ_component	part_of	plant
molecular_biology_research_technique	measures	cell_or_molecular_dysfunction
cell_component	affects	genetic_function
lipid	affects	organ_or_tissue_function
steroid	affects	cell_function
chemical_viewed_structurally	interacts_with	pharmacologic_substance
nucleic_acid_nucleoside_or_nucleotide	causes	experimental_model_of_disease
age_group	exhibits	individual_behavior
cell_or_molecular_dysfunction	co-occurs_with	congenital_abnormality
vitamin	disrupts	genetic_function
neoplastic_process	co-occurs_with	injury_or_poisoning
drug_delivery_device	treats	congenital_abnormality
mental_process	affects	organ_or_tissue_function
molecular_function	result_of	environmental_effect_of_humans
laboratory_or_test_result	evaluation_of	organism_attribute
cell_function	result_of	cell_or_molecular_dysfunction
body_location_or_region	location_of	neoplastic_process
carbohydrate	interacts_with	neuroreactive_substance_or_biogenic_amine
group	performs	research_activity
family_group	performs	governmental_or_regulatory_activity
lipid	interacts_with	hazardous_or_poisonous_substance
cell_or_molecular_dysfunction	affects	mental_process
neoplastic_process	isa	biologic_function
gene_or_genome	isa	anatomical_structure
body_space_or_junction	surrounds	cell
physiologic_function	affects	disease_or_syndrome
fungus	location_of	biologically_active_substance
receptor	complicates	mental_process
injury_or_poisoning	result_of	behavior
professional_or_occupational_group	produces	medical_device
self_help_or_relief_organization	isa	organization
laboratory_or_test_result	indicates	genetic_function
bacterium	interacts_with	human
amino_acid_peptide_or_protein	affects	physiologic_function
mental_process	co-occurs_with	physiologic_function
injury_or_poisoning	result_of	disease_or_syndrome
acquired_abnormality	affects	reptile
experimental_model_of_disease	result_of	injury_or_poisoning
laboratory_or_test_result	measurement_of	substance
clinical_attribute	result_of	experimental_model_of_disease
health_care_activity	associated_with	cell_or_molecular_dysfunction
biologically_active_substance	interacts_with	hormone
molecular_function	affects	neoplastic_process
inorganic_chemical	affects	organism_function
natural_phenomenon_or_process	process_of	cell_function
virus	location_of	immunologic_factor
cell_or_molecular_dysfunction	result_of	genetic_function
laboratory_or_test_result	measurement_of	chemical_viewed_structurally
congenital_abnormality	location_of	pathologic_function
food	ingredient_of	clinical_drug
laboratory_procedure	analyzes	immunologic_factor
patient_or_disabled_group	performs	laboratory_procedure
chemical_viewed_functionally	affects	cell_or_molecular_dysfunction
congenital_abnormality	affects	vertebrate
research_activity	associated_with	cell_or_molecular_dysfunction
pathologic_function	process_of	bird
research_activity	measures	organism_function
gene_or_genome	location_of	anatomical_abnormality
inorganic_chemical	affects	experimental_model_of_disease
pathologic_function	process_of	reptile
embryonic_structure	part_of	archaeon
neuroreactive_substance_or_biogenic_amine	disrupts	mental_process
steroid	causes	pathologic_function
pathologic_function	result_of	congenital_abnormality
experimental_model_of_disease	manifestation_of	cell_or_molecular_dysfunction
embryonic_structure	location_of	neoplastic_process
diagnostic_procedure	measures	body_substance
sign_or_symptom	evaluation_of	mental_process
experimental_model_of_disease	process_of	organism_function
organophosphorus_compound	interacts_with	eicosanoid
hormone	isa	chemical
organ_or_tissue_function	result_of	physiologic_function
steroid	affects	organ_or_tissue_function
family_group	issue_in	biomedical_occupation_or_discipline
physiologic_function	affects	fish
food	causes	disease_or_syndrome
invertebrate	interacts_with	bird
organ_or_tissue_function	process_of	virus
element_ion_or_isotope	isa	physical_object
laboratory_procedure	affects	experimental_model_of_disease
population_group	performs	occupational_activity
educational_activity	method_of	biomedical_occupation_or_discipline
organ_or_tissue_function	process_of	molecular_function
injury_or_poisoning	result_of	health_care_activity
diagnostic_procedure	diagnoses	pathologic_function
tissue	part_of	human
machine_activity	issue_in	biomedical_occupation_or_discipline
inorganic_chemical	interacts_with	pharmacologic_substance
mental_process	precedes	physiologic_function
biomedical_or_dental_material	affects	neoplastic_process
physiologic_function	process_of	reptile
population_group	performs	individual_behavior
laboratory_procedure	diagnoses	experimental_model_of_disease
chemical_viewed_structurally	affects	cell_function
neoplastic_process	manifestation_of	injury_or_poisoning
group	performs	therapeutic_or_preventive_procedure
injury_or_poisoning	result_of	mental_or_behavioral_dysfunction
molecular_function	process_of	cell_or_molecular_dysfunction
mental_process	affects	disease_or_syndrome
nucleotide_sequence	issue_in	occupation_or_discipline
laboratory_or_test_result	measurement_of	indicator_reagent_or_diagnostic_aid
temporal_concept	issue_in	occupation_or_discipline
pathologic_function	affects	cell_function
diagnostic_procedure	analyzes	antibiotic
biomedical_or_dental_material	causes	acquired_abnormality
cell_component	part_of	alga
pharmacologic_substance	disrupts	mental_process
organism_function	result_of	biologic_function
cell_function	affects	reptile
mental_or_behavioral_dysfunction	degree_of	neoplastic_process
antibiotic	isa	chemical_viewed_functionally
genetic_function	process_of	bacterium
body_part_organ_or_organ_component	location_of	neoplastic_process
embryonic_structure	location_of	bacterium
laboratory_procedure	analyzes	element_ion_or_isotope
neuroreactive_substance_or_biogenic_amine	affects	genetic_function
pathologic_function	manifestation_of	organism_function
mental_process	isa	physiologic_function
body_location_or_region	result_of	mental_process
health_care_related_organization	location_of	health_care_activity
antibiotic	causes	neoplastic_process
anatomical_abnormality	result_of	natural_phenomenon_or_process
indicator_reagent_or_diagnostic_aid	isa	chemical_viewed_functionally
experimental_model_of_disease	degree_of	mental_or_behavioral_dysfunction
chemical_viewed_structurally	issue_in	biomedical_occupation_or_discipline
body_part_organ_or_organ_component	produces	hormone
neuroreactive_substance_or_biogenic_amine	disrupts	genetic_function
congenital_abnormality	part_of	archaeon
pharmacologic_substance	interacts_with	hazardous_or_poisonous_substance
natural_phenomenon_or_process	result_of	cell_or_molecular_dysfunction
medical_device	issue_in	biomedical_occupation_or_discipline
chemical_viewed_structurally	causes	injury_or_poisoning
molecular_function	result_of	organism_function
biologic_function	result_of	genetic_function
anatomical_abnormality	occurs_in	patient_or_disabled_group
organism_attribute	property_of	fungus
physiologic_function	affects	organism_function
professional_or_occupational_group	performs	social_behavior
physiologic_function	issue_in	biomedical_occupation_or_discipline
organic_chemical	causes	disease_or_syndrome
manufactured_object	causes	pathologic_function
biologically_active_substance	interacts_with	hazardous_or_poisonous_substance
body_space_or_junction	location_of	organism_function
laboratory_procedure	measures	steroid
therapeutic_or_preventive_procedure	treats	pathologic_function
body_substance	ingredient_of	clinical_drug
laboratory_or_test_result	measurement_of	molecular_function
disease_or_syndrome	result_of	therapeutic_or_preventive_procedure
cell_function	affects	amphibian
hormone	issue_in	occupation_or_discipline
genetic_function	affects	organism
fish	interacts_with	reptile
antibiotic	interacts_with	receptor
cell_function	affects	physiologic_function
biologic_function	result_of	injury_or_poisoning
mental_or_behavioral_dysfunction	occurs_in	group
social_behavior	affects	behavior
body_substance	isa	entity
experimental_model_of_disease	complicates	injury_or_poisoning
mental_process	affects	virus
acquired_abnormality	result_of	natural_phenomenon_or_process
individual_behavior	associated_with	acquired_abnormality
physiologic_function	produces	neuroreactive_substance_or_biogenic_amine
archaeon	isa	physical_object
receptor	affects	mental_or_behavioral_dysfunction
body_substance	causes	pathologic_function
pharmacologic_substance	complicates	organ_or_tissue_function
anatomical_abnormality	affects	invertebrate
organism	isa	entity
population_group	performs	laboratory_procedure
body_substance	consists_of	steroid
cell_or_molecular_dysfunction	co-occurs_with	injury_or_poisoning
chemical	causes	pathologic_function
amino_acid_sequence	property_of	amino_acid_peptide_or_protein
body_space_or_junction	result_of	mental_process
experimental_model_of_disease	result_of	congenital_abnormality
medical_device	prevents	experimental_model_of_disease
research_activity	measures	biologic_function
body_part_organ_or_organ_component	location_of	biologic_function
self_help_or_relief_organization	carries_out	molecular_biology_research_technique
pathologic_function	complicates	disease_or_syndrome
molecular_function	result_of	phenomenon_or_process
professional_or_occupational_group	practices	biomedical_occupation_or_discipline
diagnostic_procedure	measures	chemical_viewed_functionally
hazardous_or_poisonous_substance	causes	pathologic_function
cell	location_of	fungus
self_help_or_relief_organization	produces	classification
biologic_function	result_of	natural_phenomenon_or_process
research_device	causes	neoplastic_process
pathologic_function	process_of	mental_or_behavioral_dysfunction
cell_function	produces	immunologic_factor
amphibian	interacts_with	fish
rickettsia_or_chlamydia	location_of	receptor
bacterium	interacts_with	invertebrate
organism_function	precedes	organ_or_tissue_function
human_caused_phenomenon_or_process	result_of	cell_or_molecular_dysfunction
cell_component	location_of	virus
diagnostic_procedure	affects	cell_function
amino_acid_peptide_or_protein	interacts_with	inorganic_chemical
mental_process	result_of	organ_or_tissue_function
neuroreactive_substance_or_biogenic_amine	interacts_with	immunologic_factor
receptor	issue_in	occupation_or_discipline
fully_formed_anatomical_structure	issue_in	occupation_or_discipline
organism_function	affects	mental_or_behavioral_dysfunction
lipid	isa	chemical_viewed_structurally
enzyme	interacts_with	immunologic_factor
fully_formed_anatomical_structure	isa	entity
cell_function	precedes	organism_function
congenital_abnormality	affects	mental_process
animal	issue_in	occupation_or_discipline
congenital_abnormality	affects	organ_or_tissue_function
age_group	uses	regulation_or_law
neoplastic_process	complicates	pathologic_function
organization	produces	classification
mental_process	affects	rickettsia_or_chlamydia
sign_or_symptom	evaluation_of	organ_or_tissue_function
genetic_function	produces	vitamin
immunologic_factor	indicates	rickettsia_or_chlamydia
chemical_viewed_functionally	interacts_with	hazardous_or_poisonous_substance
cell	location_of	injury_or_poisoning
governmental_or_regulatory_activity	associated_with	anatomical_abnormality
body_substance	causes	cell_or_molecular_dysfunction
pathologic_function	produces	hormone
laboratory_procedure	measures	quantitative_concept
biologic_function	process_of	archaeon
lipid	affects	natural_phenomenon_or_process
educational_activity	associated_with	acquired_abnormality
acquired_abnormality	isa	anatomical_structure
neoplastic_process	process_of	vertebrate
therapeutic_or_preventive_procedure	isa	occupational_activity
clinical_attribute	property_of	virus
cell	location_of	molecular_function
molecular_function	affects	mental_process
anatomical_abnormality	manifestation_of	pathologic_function
regulation_or_law	affects	group
social_behavior	result_of	mental_process
professional_or_occupational_group	uses	classification
intellectual_product	conceptual_part_of	diagnostic_procedure
organism_attribute	measurement_of	genetic_function
invertebrate	causes	mental_or_behavioral_dysfunction
element_ion_or_isotope	interacts_with	antibiotic
pharmacologic_substance	disrupts	cell
mental_or_behavioral_dysfunction	isa	phenomenon_or_process
chemical	affects	experimental_model_of_disease
pathologic_function	manifestation_of	mental_or_behavioral_dysfunction
laboratory_procedure	measures	amino_acid_peptide_or_protein
disease_or_syndrome	result_of	genetic_function
genetic_function	process_of	molecular_function
finding	associated_with	cell_or_molecular_dysfunction
diagnostic_procedure	isa	health_care_activity
molecular_biology_research_technique	associated_with	disease_or_syndrome
laboratory_procedure	assesses_effect_of	mental_or_behavioral_dysfunction
finding	manifestation_of	physiologic_function
organ_or_tissue_function	affects	rickettsia_or_chlamydia
experimental_model_of_disease	complicates	anatomical_abnormality
element_ion_or_isotope	interacts_with	receptor
enzyme	disrupts	genetic_function
social_behavior	isa	behavior
therapeutic_or_preventive_procedure	associated_with	experimental_model_of_disease
therapeutic_or_preventive_procedure	complicates	experimental_model_of_disease
receptor	affects	organ_or_tissue_function
laboratory_procedure	measures	body_substance
social_behavior	issue_in	occupation_or_discipline
physiologic_function	process_of	animal
anatomical_abnormality	result_of	therapeutic_or_preventive_procedure
laboratory_procedure	measures	enzyme
cell_function	process_of	experimental_model_of_disease
disease_or_syndrome	degree_of	experimental_model_of_disease
diagnostic_procedure	measures	mental_or_behavioral_dysfunction
congenital_abnormality	part_of	alga
mental_process	affects	animal
carbohydrate	affects	physiologic_function
receptor	affects	molecular_function
hazardous_or_poisonous_substance	complicates	acquired_abnormality
patient_or_disabled_group	issue_in	biomedical_occupation_or_discipline
nucleic_acid_nucleoside_or_nucleotide	causes	acquired_abnormality
molecular_function	result_of	mental_or_behavioral_dysfunction
amphibian	isa	entity
fully_formed_anatomical_structure	part_of	fish
patient_or_disabled_group	performs	social_behavior
tissue	part_of	bacterium
body_location_or_region	location_of	mental_process
cell_or_molecular_dysfunction	isa	biologic_function
sign_or_symptom	co-occurs_with	finding
manufactured_object	causes	acquired_abnormality
professional_society	location_of	molecular_biology_research_technique
acquired_abnormality	result_of	phenomenon_or_process
diagnostic_procedure	measures	antibiotic
medical_device	treats	neoplastic_process
disease_or_syndrome	result_of	behavior
genetic_function	precedes	organism_function
receptor	affects	experimental_model_of_disease
laboratory_or_test_result	evaluation_of	clinical_attribute
population_group	isa	entity
mental_process	process_of	molecular_function
amino_acid_peptide_or_protein	interacts_with	hormone
finding	associated_with	neoplastic_process
enzyme	disrupts	fully_formed_anatomical_structure
pathologic_function	result_of	individual_behavior
injury_or_poisoning	disrupts	fully_formed_anatomical_structure
inorganic_chemical	causes	disease_or_syndrome
group_attribute	isa	conceptual_entity
drug_delivery_device	treats	anatomical_abnormality
molecular_biology_research_technique	associated_with	pathologic_function
physiologic_function	process_of	rickettsia_or_chlamydia
inorganic_chemical	affects	organ_or_tissue_function
age_group	performs	therapeutic_or_preventive_procedure
human	interacts_with	archaeon
hormone	affects	mental_or_behavioral_dysfunction
idea_or_concept	result_of	mental_process
lipid	causes	cell_or_molecular_dysfunction
spatial_concept	issue_in	occupation_or_discipline
disease_or_syndrome	process_of	fish
lipid	interacts_with	eicosanoid
body_space_or_junction	location_of	molecular_function
fungus	location_of	enzyme
cell_component	produces	neuroreactive_substance_or_biogenic_amine
acquired_abnormality	result_of	organ_or_tissue_function
disease_or_syndrome	produces	hormone
biologic_function	issue_in	occupation_or_discipline
organic_chemical	interacts_with	pharmacologic_substance
mammal	interacts_with	organism
food	affects	mental_or_behavioral_dysfunction
group_attribute	property_of	group
body_part_organ_or_organ_component	produces	carbohydrate
hormone	complicates	cell_function
environmental_effect_of_humans	result_of	natural_phenomenon_or_process
pathologic_function	process_of	alga
clinical_attribute	measurement_of	genetic_function
therapeutic_or_preventive_procedure	affects	neoplastic_process
cell_function	result_of	phenomenon_or_process
mental_or_behavioral_dysfunction	issue_in	biomedical_occupation_or_discipline
neuroreactive_substance_or_biogenic_amine	complicates	mental_process
eicosanoid	causes	experimental_model_of_disease
cell_component	produces	hormone
individual_behavior	isa	activity
physiologic_function	process_of	pathologic_function
laboratory_procedure	measures	carbohydrate
laboratory_procedure	measures	cell_function
neoplastic_process	occurs_in	age_group
cell	location_of	acquired_abnormality
archaeon	issue_in	occupation_or_discipline
tissue	location_of	mental_or_behavioral_dysfunction
anatomical_abnormality	manifestation_of	cell_or_molecular_dysfunction
disease_or_syndrome	process_of	organism
molecular_function	process_of	natural_phenomenon_or_process
individual_behavior	isa	behavior
organism_function	process_of	reptile
organophosphorus_compound	affects	mental_process
lipid	affects	experimental_model_of_disease
embryonic_structure	part_of	amphibian
chemical_viewed_functionally	causes	injury_or_poisoning
diagnostic_procedure	affects	biologic_function
self_help_or_relief_organization	issue_in	biomedical_occupation_or_discipline
mental_process	result_of	behavior
cell_or_molecular_dysfunction	manifestation_of	organism_function
therapeutic_or_preventive_procedure	affects	genetic_function
mental_process	process_of	biologic_function
injury_or_poisoning	complicates	anatomical_abnormality
enzyme	complicates	physiologic_function
cell_component	produces	amino_acid_peptide_or_protein
acquired_abnormality	location_of	bacterium
diagnostic_procedure	assesses_effect_of	biologically_active_substance
